tof_0,tof_1,accelx,accely,accelz,gyrox,gyroy,gyroz,shoulder_lift_joint_position,shoulder_lift_joint_velocity,shoulder_lift_joint_effort,elbow_joint_position,elbow_joint_velocity,elbow_joint_effort,wrist_1_joint_position,wrist_1_joint_velocity,wrist_1_joint_effort,wrist_2_joint_position,wrist_2_joint_velocity,wrist_2_joint_effort,wrist_3_joint_position,wrist_3_joint_velocity,wrist_3_joint_effort,shoulder_pan_joint_position,shoulder_pan_joint_velocity,shoulder_pan_joint_effort
912.0,877.0,3.3685,0.5653,8.79,-0.0336,0.0228,-0.1167,-1.5204030399075528,0.0,1.8494861125946045,-2.015571117401123,-0.0,2.077226400375366,4.6517249780842285,0.0,0.29967910051345825,-1.6385515371905726,0.0,0.00358222471550107,0.8045693039894104,0.0,-0.0028866161592304707,0.783454418182373,0.0,-0.018657177686691284
912.0,877.0,3.3685,0.5653,8.79,-0.0336,0.0228,-0.1167,-1.5203830760768433,0.0,1.7781257629394531,-2.0155060291290283,-0.0,2.060410737991333,4.651689215297363,0.0,0.2904070317745209,-1.638575855885641,0.0,-0.010794336907565594,0.804609477519989,0.0,-0.010317213833332062,0.7835185527801514,0.0,-0.0461365282535553
912.0,877.0,3.3685,0.5653,8.79,-0.0336,0.0228,-0.1167,-1.5203949970057984,0.0,1.8440439701080322,-2.015538215637207,-0.0,2.044018507003784,4.651733561153076,0.0,0.2951808571815491,-1.6385872999774378,0.0,-0.0069887759163975716,0.8045729994773865,0.0,-0.005574522539973259,0.783482551574707,0.0,-0.005665676202625036
912.0,877.0,3.3685,0.5653,8.79,-0.0336,0.0228,-0.1167,-1.5203791198185463,0.0,1.85005521774292,-2.0155701637268066,-0.0,2.0691378116607666,4.651721163386963,0.0,0.2996889650821686,-1.6386244932757776,0.0,0.010100153274834156,0.80464106798172,0.0,0.0023725596256554127,0.7834662795066833,0.0,-0.014585076831281185
912.0,877.0,3.3685,0.5653,8.79,-0.0336,0.0228,-0.1167,-1.5203711253455658,0.0,1.8139480352401733,-2.0154976844787598,-0.0,2.06024432182312,4.651753588313721,0.0,0.29195526242256165,-1.6385796705829065,0.0,0.00840352475643158,0.8045526742935181,0.0,-0.0015139152528718114,0.7835065126419067,0.0,-0.04004243016242981
912.0,877.0,3.3685,0.5653,8.79,-0.0336,0.0228,-0.1167,-1.5203472015312691,0.0,1.8437485694885254,-2.0155627727508545,-0.0,2.076727867126465,4.65176169454541,0.0,0.29871878027915955,-1.6385954062091272,0.0,-0.009273938834667206,0.8045971393585205,0.0,-0.010795931331813335,0.7835185527801514,0.0,0.015441960655152798
912.0,877.0,3.3685,0.5653,8.79,-0.0336,0.0228,-0.1167,-1.5203711253455658,0.0,1.8424245119094849,-2.0155422687530518,-0.0,2.0596938133239746,4.651729269618652,0.0,0.3008137345314026,-1.638599697743551,0.0,0.0025907554663717747,0.8045487999916077,0.0,-0.006750210653990507,0.7834784984588623,0.0,0.033998288214206696
912.0,877.0,3.3685,0.5653,8.79,-0.0336,0.0228,-0.1167,-1.5203791198185463,0.0,1.8572721481323242,-2.0155422687530518,-0.0,2.0848965644836426,4.651721163386963,0.0,0.2916666567325592,-1.6385234037982386,0.0,0.0041679684072732925,0.8045849204063416,0.0,-0.008005606010556221,0.7834984064102173,0.0,0.028600728139281273
901.0,916.0,3.2698,0.5031,8.814,-0.0392,0.0319,-0.1147,-1.520407037144043,0.0,1.8429962396621704,-2.0154855251312256,-0.0,2.0092597007751465,4.65170876562085,0.0,0.28775179386138916,-1.6385834852801722,0.0,0.0008656295831315219,0.8045930862426758,0.0,-0.0066211046651005745,0.7834784984588623,0.0,0.009196002967655659
901.0,916.0,3.2698,0.5031,8.814,-0.0392,0.0319,-0.1147,-1.5203670387021084,0.0,1.8265076875686646,-2.015533924102783,-0.0,2.047508955001831,4.651721163386963,0.0,0.2940070927143097,-1.6385796705829065,0.0,0.005026077851653099,0.804564893245697,0.0,0.006308832671493292,0.7834703326225281,0.0,0.002234723884612322
901.0,916.0,3.2698,0.5031,8.814,-0.0392,0.0319,-0.1147,-1.5203830909780045,0.0,1.8305010795593262,-2.015594720840454,-0.0,2.048428535461426,4.651709719295166,0.0,0.2994474470615387,-1.6385796705829065,0.0,-0.004353876691311598,0.8045648336410522,0.0,0.005266551394015551,0.7834662199020386,0.0,-0.04025204852223396
901.0,916.0,3.2698,0.5031,8.814,-0.0392,0.0319,-0.1147,-1.5203989532640954,0.0,1.859870433807373,-2.015537977218628,-0.0,2.02193546295166,4.65176169454541,0.0,0.2936041057109833,-1.6385634581195276,0.0,-0.009057488292455673,0.8046090602874756,0.0,-0.01975366100668907,0.7834744453430176,0.0,0.009988201782107353
901.0,916.0,3.2698,0.5031,8.814,-0.0392,0.0319,-0.1147,-1.5203989532640954,0.0,1.8642480373382568,-2.0155627727508545,-0.0,2.085042953491211,4.651673002833984,0.0,0.29031240940093994,-1.6385672728167933,0.0,-0.00770427705720067,0.8046488761901855,0.0,0.006656198762357235,0.7834823727607727,0.0,-0.019377438351511955
901.0,916.0,3.2698,0.5031,8.814,-0.0392,0.0319,-0.1147,-1.5203870733133336,0.0,1.8753330707550049,-2.0155670642852783,-0.0,2.037061929702759,4.651709719295166,0.0,0.3010191023349762,-1.6385634581195276,0.0,-0.0037110752891749144,0.8045648336410522,0.0,-0.011438529938459396,0.7835267186164856,0.0,0.0075755976140499115
901.0,916.0,3.2698,0.5031,8.814,-0.0392,0.0319,-0.1147,-1.5203989532640954,0.0,1.8580737113952637,-2.0156071186065674,-0.0,2.0457773208618164,4.651729269618652,0.0,0.2844322919845581,-1.6385634581195276,0.0,-0.011527903378009796,0.8046254515647888,0.0,0.0011727561941370368,0.7834503054618835,0.0,0.03463994339108467
901.0,916.0,3.2698,0.5031,8.814,-0.0392,0.0319,-0.1147,-1.5204068657806893,0.0,1.834951639175415,-2.0155184268951416,-0.0,2.052339792251587,4.6517860132404785,0.0,0.29456859827041626,-1.6385634581195276,0.0,-0.007834053598344326,0.8046008944511414,0.0,0.004918810911476612,0.7835347056388855,0.0,-0.041924942284822464
901.0,916.0,3.2698,0.5031,8.814,-0.0392,0.0319,-0.1147,-1.5203910295716305,0.0,1.851477861404419,-2.0155670642852783,-0.0,2.0762100219726562,4.651733561153076,0.0,0.2984972596168518,-1.6385353247271937,0.0,0.0006968199741095304,0.8045124411582947,0.0,-0.002289693569764495,0.7834665775299072,0.0,-0.005849147215485573
901.0,916.0,3.2698,0.5031,8.814,-0.0392,0.0319,-0.1147,-1.5203711253455658,0.0,1.883337140083313,-2.015533924102783,-0.0,2.0867323875427246,4.651777907008789,0.0,0.294661283493042,-1.6385954062091272,0.0,0.002526794094592333,0.8046250343322754,0.0,-0.006291565485298634,0.7834625244140625,0.0,0.006961172446608543
901.0,916.0,3.2698,0.5031,8.814,-0.0392,0.0319,-0.1147,-1.5203909997693081,0.0,1.833434820175171,-2.015533924102783,-0.0,2.0356850624084473,4.651765509242676,0.0,0.291892409324646,-1.6385677496539515,0.0,-0.010625946335494518,0.8045487999916077,0.0,-0.0047386325895786285,0.7834945917129517,0.0,-0.003953663632273674
901.0,916.0,3.2698,0.5031,8.814,-0.0392,0.0319,-0.1147,-1.5203630824438115,0.0,1.8455476760864258,-2.015550374984741,-0.0,2.037019729614258,4.6517860132404785,0.0,0.30340930819511414,-1.6385353247271937,0.0,0.006092379800975323,0.8045487999916077,0.0,-0.01341908611357212,0.7835146188735962,0.0,0.01970946043729782
901.0,916.0,3.2698,0.5031,8.814,-0.0392,0.0319,-0.1147,-1.5204110343805333,0.0,1.805605411529541,-2.0155184268951416,-0.0,2.0645246505737305,4.651765986079834,0.0,0.3066794276237488,-1.638519589100973,0.0,0.004699846729636192,0.8046011924743652,0.0,-0.006356629077345133,0.7835266590118408,0.0,0.0491010807454586
901.0,916.0,3.2698,0.5031,8.814,-0.0392,0.0319,-0.1147,-1.5203630824438115,0.0,1.7969348430633545,-2.015554666519165,-0.0,2.0395803451538086,4.651721163386963,0.0,0.29040616750717163,-1.6385396162616175,0.0,-0.002013685880228877,0.8045770525932312,0.0,0.004337104503065348,0.7835106253623962,0.0,-0.01250157319009304
901.0,916.0,3.2698,0.5031,8.814,-0.0392,0.0319,-0.1147,-1.5203472015312691,0.0,1.845771074295044,-2.01552152633667,-0.0,2.013035297393799,4.651745958919189,0.0,0.3078530430793762,-1.6385472456561487,0.0,-0.0009136484004557133,0.8045487999916077,0.0,-0.00816414039582014,0.7834823727607727,0.0,-0.0022583624813705683
926.0,878.0,3.3159,0.5659,8.7577,-0.0374,0.0243,-0.1229,-1.520375122582056,0.0,1.8256640434265137,-2.015537977218628,-0.0,2.0077130794525146,4.651737375850342,0.0,0.2958335280418396,-1.6386235396014612,0.0,0.004174030385911465,0.8045849204063416,0.0,-0.010694027878344059,0.783482551574707,0.0,-0.0333712138235569
926.0,878.0,3.3159,0.5659,8.7577,-0.0374,0.0243,-0.1229,-1.5203711253455658,0.0,1.871830701828003,-2.0155627727508545,-0.0,2.043368101119995,4.651765986079834,0.0,0.2968578338623047,-1.6385796705829065,0.0,-0.0019660599064081907,0.8045811653137207,0.0,0.0011451076716184616,0.7835185527801514,0.0,0.002790408208966255
926.0,878.0,3.3159,0.5659,8.7577,-0.0374,0.0243,-0.1229,-1.5203551587513466,0.0,1.8567100763320923,-2.0155420303344727,-0.0,2.0800299644470215,4.651753588313721,0.0,0.2894400358200073,-1.6385796705829065,0.0,-0.002117508091032505,0.8045730590820312,0.0,-0.0034949539694935083,0.7835267186164856,0.0,0.020435679703950882
926.0,878.0,3.3159,0.5659,8.7577,-0.0374,0.0243,-0.1229,-1.5203751374832173,0.0,1.8707799911499023,-2.015533924102783,-0.0,2.070523500442505,4.65176169454541,0.0,0.2939019799232483,-1.6385677496539515,0.0,-7.212604396045208e-05,0.8045893907546997,0.0,-0.001846926985308528,0.7834864854812622,0.0,0.029325731098651886
926.0,878.0,3.3159,0.5659,8.7577,-0.0374,0.0243,-0.1229,-1.5203710359385987,0.0,1.8040099143981934,-2.015533924102783,-0.0,2.0680999755859375,4.651753588313721,0.0,0.2973875403404236,-1.6385954062091272,0.0,0.0023177515249699354,0.8045893907546997,0.0,-0.009435401298105717,0.7834945917129517,0.0,-0.012609999626874924
926.0,878.0,3.3159,0.5659,8.7577,-0.0374,0.0243,-0.1229,-1.5203472015312691,0.0,1.8357079029083252,-2.0155060291290283,-0.0,2.041114330291748,4.6517698007771,0.0,0.3090064525604248,-1.6385515371905726,0.0,-0.010322142392396927,0.8046057820320129,0.0,-0.008015298284590244,0.7835387587547302,0.0,0.0046208687126636505
926.0,878.0,3.3159,0.5659,8.7577,-0.0374,0.0243,-0.1229,-1.5204310280135651,0.0,1.8588519096374512,-2.0155463218688965,-0.0,2.0413529872894287,4.651729269618652,0.0,0.3034723103046417,-1.6385634581195276,0.0,0.0051686130464077,0.804568886756897,0.0,-0.011568799614906311,0.7834946513175964,0.0,-0.011672938242554665
926.0,878.0,3.3159,0.5659,8.7577,-0.0374,0.0243,-0.1229,-1.5204149906388302,0.0,1.8178788423538208,-2.0155587196350098,-0.0,2.007847547531128,4.6517578798481445,0.0,0.29428303241729736,-1.6385191122638147,0.0,0.004922311753034592,0.8046332001686096,0.0,0.002251396654173732,0.7834987044334412,0.0,-0.027102075517177582
926.0,878.0,3.3159,0.5659,8.7577,-0.0374,0.0243,-0.1229,-1.5203910407475014,0.0,1.8250224590301514,-2.0155587196350098,-0.0,2.031306266784668,4.651777907008789,0.0,0.2981431186199188,-1.6385834852801722,0.0,-0.002074442571029067,0.8045607209205627,0.0,-0.01163302082568407,0.7835226655006409,0.0,-0.021764149889349937
926.0,878.0,3.3159,0.5659,8.7577,-0.0374,0.0243,-0.1229,-1.5203710359385987,0.0,1.8617619276046753,-2.015550374984741,-0.0,2.0668890476226807,4.6517578798481445,0.0,0.30353814363479614,-1.6385472456561487,0.0,0.011713126674294472,0.8046131134033203,0.0,-0.010188059881329536,0.7834747433662415,0.0,-0.029331669211387634
926.0,878.0,3.3159,0.5659,8.7577,-0.0374,0.0243,-0.1229,-1.5203670387021084,0.0,1.8319661617279053,-2.015533924102783,-0.0,2.0610244274139404,4.651741667384766,0.0,0.28466376662254333,-1.638531510029928,0.0,0.005142453592270613,0.8046295046806335,0.0,0.004776181653141975,0.7834986448287964,0.0,0.026223216205835342
926.0,878.0,3.3159,0.5659,8.7577,-0.0374,0.0243,-0.1229,-1.5203630824438115,0.0,1.8107887506484985,-2.015533924102783,-0.0,2.062385082244873,4.651713533992432,0.0,0.30692556500434875,-1.6385954062091272,0.0,-0.01864657923579216,0.8046213984489441,0.0,-0.0003888355568051338,0.7834986448287964,0.0,-0.007287927903234959
926.0,878.0,3.3159,0.5659,8.7577,-0.0374,0.0243,-0.1229,-1.5203472015312691,0.0,1.814234972000122,-2.015610456466675,-0.0,2.0342063903808594,4.65179364263501,0.0,0.3015432357788086,-1.6385391394244593,0.0,0.003264288417994976,0.804609477519989,0.0,-0.009750878438353539,0.7835144996643066,0.0,0.021678119897842407
926.0,878.0,3.3159,0.5659,8.7577,-0.0374,0.0243,-0.1229,-1.5203749921968956,0.0,1.811785340309143,-2.015550374984741,-0.0,2.0556530952453613,4.651753588313721,0.0,0.29647499322891235,-1.6385753790484827,0.0,-0.014698363840579987,0.8045770525932312,0.0,-0.013337577693164349,0.7835307717323303,0.0,0.02513076737523079
916.0,925.0,3.3846,0.5701,8.9474,-0.0382,0.0203,-0.1173,-1.5204110343805333,0.0,1.8278248310089111,-2.0155627727508545,-0.0,2.0653910636901855,4.651765986079834,0.0,0.2976757884025574,-1.6385834852801722,0.0,0.001394074410200119,0.8046172261238098,0.0,-0.010879660956561565,0.7834543585777283,0.0,0.021827172487974167
916.0,925.0,3.3846,0.5701,8.9474,-0.0382,0.0203,-0.1173,-1.5203989532640954,0.0,1.8514525890350342,-2.015571117401123,-0.0,2.081552028656006,4.651716871852539,0.0,0.2965812087059021,-1.6385515371905726,0.0,-0.005661811679601669,0.8045487999916077,0.0,-0.010509708896279335,0.7834864854812622,0.0,0.011971347033977509
916.0,925.0,3.3846,0.5701,8.9474,-0.0382,0.0203,-0.1173,-1.5203671281090756,0.0,1.818310022354126,-2.015510082244873,-0.0,2.0429515838623047,4.651693029994629,0.0,0.29381996393203735,-1.6385796705829065,0.0,-0.0019444115459918976,0.8045690059661865,0.0,-0.010676058009266853,0.7835105657577515,0.0,0.01607833057641983
916.0,925.0,3.3846,0.5701,8.9474,-0.0382,0.0203,-0.1173,-1.5204229478589077,0.0,1.8193516731262207,-2.0155141353607178,-0.0,2.0901618003845215,4.651773615474365,0.0,0.2993817627429962,-1.6386316458331507,0.0,-0.004390858579427004,0.8045730590820312,0.0,-0.007606932427734137,0.7834543585777283,0.0,0.01112359482795
916.0,925.0,3.3846,0.5701,8.9474,-0.0382,0.0203,-0.1173,-1.520375122582056,0.0,1.8637781143188477,-2.0155909061431885,-0.0,2.023818254470825,4.651753588313721,0.0,0.2976433336734772,-1.638531510029928,0.0,0.0078633027151227,0.8045767545700073,0.0,-0.010159689001739025,0.7834946513175964,0.0,0.007636692840605974
916.0,925.0,3.3846,0.5701,8.9474,-0.0382,0.0203,-0.1173,-1.5203472015312691,0.0,1.8029563426971436,-2.01552152633667,-0.0,2.084360122680664,4.65176169454541,0.0,0.30544865131378174,-1.6385553518878382,0.0,-0.00990784727036953,0.8046011924743652,0.0,0.001188598689623177,0.783478319644928,0.0,-0.014375429600477219
916.0,925.0,3.3846,0.5701,8.9474,-0.0382,0.0203,-0.1173,-1.5203949970057984,0.0,1.8195185661315918,-2.0155422687530518,-0.0,2.042426109313965,4.6517249780842285,0.0,0.28966251015663147,-1.6385515371905726,0.0,1.0523945093154907e-05,0.8046053647994995,0.0,-0.008246859535574913,0.7834905385971069,0.0,-0.004093955270946026
916.0,925.0,3.3846,0.5701,8.9474,-0.0382,0.0203,-0.1173,-1.520375122582056,0.0,1.841041088104248,-2.0155701637268066,-0.0,2.03851056098938,4.651737375850342,0.0,0.29171645641326904,-1.6385915915118616,0.0,0.0014102142304182053,0.8046454191207886,0.0,-0.005398500710725784,0.7835469245910645,0.0,0.0027017337270081043
916.0,925.0,3.3846,0.5701,8.9474,-0.0382,0.0203,-0.1173,-1.5203791198185463,0.0,1.8404467105865479,-2.015566110610962,-0.0,2.095573902130127,4.65176169454541,0.0,0.2844467759132385,-1.6385391394244593,0.0,-0.008494524285197258,0.8045489192008972,0.0,-0.007141506299376488,0.783502459526062,0.0,0.02213284745812416
916.0,925.0,3.3846,0.5701,8.9474,-0.0382,0.0203,-0.1173,-1.5203910295716305,0.0,1.854565143585205,-2.0155298709869385,-0.0,2.0120508670806885,4.651733561153076,0.0,0.29626646637916565,-1.638543430958883,0.0,0.0057885427959263325,0.8046050071716309,0.0,-0.0053932699374854565,0.7834665775299072,0.0,0.024327876046299934
916.0,925.0,3.3846,0.5701,8.9474,-0.0382,0.0203,-0.1173,-1.520375122582056,0.0,1.8087323904037476,-2.015550374984741,-0.0,2.0413365364074707,4.6517249780842285,0.0,0.2897515594959259,-1.6385553518878382,0.0,-0.0015291341114789248,0.8046373128890991,0.0,0.004028655122965574,0.7835267186164856,0.0,0.05407053977251053
916.0,925.0,3.3846,0.5701,8.9474,-0.0382,0.0203,-0.1173,-1.5204149906388302,0.0,1.8199543952941895,-2.0155670642852783,-0.0,2.020911693572998,4.651777907008789,0.0,0.30324286222457886,-1.6385834852801722,0.0,-0.008767330087721348,0.8045287728309631,0.0,-0.01810806803405285,0.7835027575492859,0.0,0.031853992491960526
916.0,925.0,3.3846,0.5701,8.9474,-0.0382,0.0203,-0.1173,-1.5203909587911149,0.0,1.8321969509124756,-2.015554666519165,-0.0,2.0814950466156006,4.651741667384766,0.0,0.2986687123775482,-1.6385677496539515,0.0,-0.0026260842569172382,0.8045852184295654,0.0,0.00031954445876181126,0.7835065126419067,0.0,-0.009006687439978123
916.0,925.0,3.3846,0.5701,8.9474,-0.0382,0.0203,-0.1173,-1.5204110269299527,0.0,1.8271549940109253,-2.015533924102783,-0.0,2.0115389823913574,4.651749296779297,0.0,0.315107136964798,-1.6385634581195276,0.0,-0.01353243738412857,0.804577112197876,0.0,-0.0004590070166159421,0.7834703922271729,0.0,0.05108592286705971
916.0,925.0,3.3846,0.5701,8.9474,-0.0382,0.0203,-0.1173,-1.5204110083035012,0.0,1.8530027866363525,-2.0155742168426514,-0.0,2.098069190979004,4.651773615474365,0.0,0.3021882176399231,-1.6385677496539515,0.0,0.0010770380031317472,0.8045366406440735,0.0,-0.00121840531937778,0.7834984064102173,0.0,0.02363092452287674
912.0,858.0,3.2955,0.5647,8.7308,-0.0409,0.0199,-0.1226,-1.520398949538805,0.0,1.8048479557037354,-2.0155224800109863,-0.0,2.0160610675811768,4.651741667384766,0.0,0.3021543323993683,-1.6386316458331507,0.0,-0.008379515260457993,0.8045529127120972,0.0,-0.011924169026315212,0.783506453037262,0.0,0.0007709469646215439
912.0,858.0,3.2955,0.5647,8.7308,-0.0409,0.0199,-0.1226,-1.5203830760768433,0.0,1.8077409267425537,-2.0155184268951416,-0.0,2.0222182273864746,4.651745958919189,0.0,0.2984304428100586,-1.6385710875140589,0.0,-0.0022078000474721193,0.8045971393585205,0.0,0.0008300181943923235,0.7834945917129517,0.0,0.038901444524526596
912.0,858.0,3.2955,0.5647,8.7308,-0.0409,0.0199,-0.1226,-1.5204029840281983,0.0,1.8166728019714355,-2.0155224800109863,-0.0,1.9974191188812256,4.6517578798481445,0.0,0.29910820722579956,-1.6385391394244593,0.0,-0.005041550379246473,0.8045893907546997,0.0,-0.0024226317182183266,0.7834703326225281,0.0,-0.0356745645403862
912.0,858.0,3.2955,0.5647,8.7308,-0.0409,0.0199,-0.1226,-1.5203511615148564,0.0,1.8221638202667236,-2.0154976844787598,-0.0,2.0253114700317383,4.651777907008789,0.0,0.29965874552726746,-1.6385472456561487,0.0,-0.0015648722182959318,0.8045607805252075,0.0,-0.0016342243179678917,0.7835185527801514,0.0,0.0027578799054026604
912.0,858.0,3.2955,0.5647,8.7308,-0.0409,0.0199,-0.1226,-1.520374984746315,0.0,1.8711824417114258,-2.015550374984741,-0.0,2.096957206726074,4.651705427760742,0.0,0.290873259305954,-1.6385515371905726,0.0,-0.008742433972656727,0.804577112197876,0.0,0.0023613558150827885,0.7835348844528198,0.0,0.012390092015266418
912.0,858.0,3.2955,0.5647,8.7308,-0.0409,0.0199,-0.1226,-1.520355162476637,0.0,1.8467005491256714,-2.015538215637207,-0.0,2.050663709640503,4.651713533992432,0.0,0.28998321294784546,-1.6385472456561487,0.0,-0.004237504210323095,0.8046290874481201,0.0,0.00975661538541317,0.783482551574707,0.0,0.01787305623292923
912.0,858.0,3.2955,0.5647,8.7308,-0.0409,0.0199,-0.1226,-1.5203870733133336,0.0,1.8777425289154053,-2.015550374984741,-0.0,2.0508859157562256,4.651701136226318,0.0,0.28878849744796753,-1.6385796705829065,0.0,-0.014640575274825096,0.8045811653137207,0.0,-0.0012239739298820496,0.7835106253623962,0.0,0.0018824394792318344
912.0,858.0,3.2955,0.5647,8.7308,-0.0409,0.0199,-0.1226,-1.5203910295716305,0.0,1.8858606815338135,-2.0155463218688965,-0.0,2.0285837650299072,4.65176169454541,0.0,0.30134260654449463,-1.6385710875140589,0.0,-0.002339474856853485,0.8046053051948547,0.0,0.00261885579675436,0.7835065126419067,0.0,0.007794602774083614
912.0,858.0,3.2955,0.5647,8.7308,-0.0409,0.0199,-0.1226,-1.5204310466400166,0.0,1.8636040687561035,-2.015533924102783,-0.0,2.046976327896118,4.651733561153076,0.0,0.29703447222709656,-1.6385391394244593,0.0,0.00032679486321285367,0.8045971393585205,0.0,-0.004989747889339924,0.7835023999214172,0.0,-0.016352849081158638
912.0,858.0,3.2955,0.5647,8.7308,-0.0409,0.0199,-0.1226,-1.5203791421702881,0.0,1.842400074005127,-2.0155742168426514,-0.0,2.0058116912841797,4.651737375850342,0.0,0.2963852882385254,-1.6385558287249964,0.0,-0.0028846117202192545,0.8046090602874756,0.0,-0.009662462398409843,0.783502459526062,0.0,0.011920894496142864
912.0,858.0,3.2955,0.5647,8.7308,-0.0409,0.0199,-0.1226,-1.5203670387021084,0.0,1.8186266422271729,-2.015537977218628,-0.0,2.0244574546813965,4.651745958919189,0.0,0.2938104569911957,-1.6385272184955042,0.0,-0.007041014265269041,0.804589033126831,0.0,-0.006138156168162823,0.7835186123847961,0.0,0.03640923649072647
912.0,858.0,3.2955,0.5647,8.7308,-0.0409,0.0199,-0.1226,-1.5203910146704693,0.0,1.7923738956451416,-2.0155298709869385,-0.0,2.106196641921997,4.651749773616455,0.0,0.29181531071662903,-1.638599697743551,0.0,0.0029570618644356728,0.804577112197876,0.0,0.004685112275183201,0.783474326133728,0.0,-0.001913205487653613
912.0,858.0,3.2955,0.5647,8.7308,-0.0409,0.0199,-0.1226,-1.5203870472363015,0.0,1.8217406272888184,-2.015537977218628,-0.0,2.073023557662964,4.651729269618652,0.0,0.29093265533447266,-1.6385634581195276,0.0,0.003281237091869116,0.8045567870140076,0.0,0.007106289267539978,0.7834905385971069,0.0,-0.046119436621665955
912.0,858.0,3.2955,0.5647,8.7308,-0.0409,0.0199,-0.1226,-1.5203511838665982,0.0,1.8218603134155273,-2.015497922897339,-0.0,2.0682756900787354,4.651765509242676,0.0,0.289610892534256,-1.638543430958883,0.0,-0.007023274432867765,0.8045930862426758,0.0,-0.012100261636078358,0.7835226655006409,0.0,-0.012301914393901825
912.0,858.0,3.2955,0.5647,8.7308,-0.0409,0.0199,-0.1226,-1.5203590591302891,0.0,1.8123935461044312,-2.0156309604644775,-0.0,2.0179495811462402,4.6517249780842285,0.0,0.29765447974205017,-1.6385796705829065,0.0,-0.007036656141281128,0.8046093583106995,0.0,-0.00445372611284256,0.7835144400596619,0.0,0.013594561256468296
919.0,857.0,3.3553,0.5509,8.7362,-0.0426,0.0266,-0.1182,-1.5203591150096436,0.0,1.8276151418685913,-2.015538215637207,-0.0,2.073899745941162,4.65176169454541,0.0,0.2966528534889221,-1.6385634581195276,0.0,-0.010422310791909695,0.8045931458473206,0.0,-0.007172667887061834,0.7834584712982178,0.0,-0.02466696687042713
919.0,857.0,3.3553,0.5509,8.7362,-0.0426,0.0266,-0.1182,-1.520387065862753,0.0,1.8903508186340332,-2.0155019760131836,-0.0,2.0186281204223633,4.651705427760742,0.0,0.2982659637928009,-1.6385472456561487,0.0,0.010193598456680775,0.8046050071716309,0.0,0.007602304685860872,0.7834662795066833,0.0,0.06447678059339523
919.0,857.0,3.3553,0.5509,8.7362,-0.0426,0.0266,-0.1182,-1.520367046152689,0.0,1.8188796043395996,-2.015550374984741,-0.0,2.0557546615600586,4.651733561153076,0.0,0.2991691827774048,-1.6385634581195276,0.0,0.007013296242803335,0.8045852184295654,0.0,-0.0030745489057153463,0.7835225462913513,0.0,0.02438572235405445
919.0,857.0,3.3553,0.5509,8.7362,-0.0426,0.0266,-0.1182,-1.5204189878753205,0.0,1.8701165914535522,-2.0155980587005615,-0.0,2.0119271278381348,4.651697321529053,0.0,0.30042868852615356,-1.6385672728167933,0.0,-0.005360348150134087,0.8046532273292542,0.0,-0.007050587795674801,0.7835348844528198,0.0,-0.01840071752667427
919.0,857.0,3.3553,0.5509,8.7362,-0.0426,0.0266,-0.1182,-1.5203870509615918,0.0,1.822728157043457,-2.0155298709869385,-0.0,2.041731595993042,4.6517578798481445,0.0,0.30143341422080994,-1.6385591665851038,0.0,-0.009112636558711529,0.8046491146087646,0.0,-0.0013359321746975183,0.7835065126419067,0.0,-0.022492777556180954
919.0,857.0,3.3553,0.5509,8.7362,-0.0426,0.0266,-0.1182,-1.5203670387021084,0.0,1.8202197551727295,-2.015537977218628,-0.0,2.0168778896331787,4.651789827937744,0.0,0.30150994658470154,-1.6386120955096644,0.0,-0.011374279856681824,0.8045852184295654,0.0,0.0001264633610844612,0.7834784984588623,0.0,-0.019130561500787735
919.0,857.0,3.3553,0.5509,8.7362,-0.0426,0.0266,-0.1182,-1.5203670238009472,0.0,1.8202133178710938,-2.015510320663452,-0.0,2.1135902404785156,4.651745958919189,0.0,0.2869887053966522,-1.6385353247271937,0.0,0.0010351784294471145,0.8045930862426758,0.0,-0.006432301830500364,0.7834463119506836,0.0,-0.006540494505316019
919.0,857.0,3.3553,0.5509,8.7362,-0.0426,0.0266,-0.1182,-1.5203711588731785,0.0,1.8133546113967896,-2.015578269958496,-0.0,2.032254934310913,4.651733561153076,0.0,0.3037402331829071,-1.6385710875140589,0.0,-0.013780470006167889,0.8045730590820312,0.0,-0.008000312373042107,0.7834905385971069,0.0,-0.01554285641759634
919.0,857.0,3.3553,0.5509,8.7362,-0.0426,0.0266,-0.1182,-1.5203551326743145,0.0,1.8464231491088867,-2.0155422687530518,-0.0,2.0825536251068115,4.651729269618652,0.0,0.30420032143592834,-1.6385710875140589,0.0,0.0007916884496808052,0.8045448660850525,0.0,-0.0032002695370465517,0.7834984064102173,0.0,0.004258790984749794
919.0,857.0,3.3553,0.5509,8.7362,-0.0426,0.0266,-0.1182,-1.520391048198082,0.0,1.868241786956787,-2.0155587196350098,-0.0,2.0304441452026367,4.651721163386963,0.0,0.3025811016559601,-1.6385510603534144,0.0,-0.007015476934611797,0.8046369552612305,0.0,-0.003836090676486492,0.7834986448287964,0.0,0.01840825565159321
919.0,857.0,3.3553,0.5509,8.7362,-0.0426,0.0266,-0.1182,-1.5203511838665982,0.0,1.8560643196105957,-2.0154976844787598,-0.0,2.080110549926758,4.651737375850342,0.0,0.3016899526119232,-1.638543430958883,0.0,-0.005661119241267443,0.8045608401298523,0.0,0.00687889289110899,0.7835267186164856,0.0,-0.011471698060631752
919.0,857.0,3.3553,0.5509,8.7362,-0.0426,0.0266,-0.1182,-1.5203511838665982,0.0,1.7994338274002075,-2.015554666519165,-0.0,2.0170562267303467,4.6517578798481445,0.0,0.2899593114852905,-1.6385391394244593,0.0,-0.00021310593001544476,0.804617166519165,0.0,0.012104656547307968,0.7835144996643066,0.0,-0.007738141808658838
919.0,857.0,3.3553,0.5509,8.7362,-0.0426,0.0266,-0.1182,-1.520355162476637,0.0,1.83872652053833,-2.015538215637207,-0.0,2.0379743576049805,4.651713533992432,0.0,0.2855692207813263,-1.6385753790484827,0.0,0.003458163235336542,0.8045930862426758,0.0,-0.015434827655553818,0.7835144996643066,0.0,0.002556460676714778
919.0,857.0,3.3553,0.5509,8.7362,-0.0426,0.0266,-0.1182,-1.5203910295716305,0.0,1.8396074771881104,-2.0155627727508545,-0.0,2.0517048835754395,4.651733561153076,0.0,0.2989264726638794,-1.638543430958883,0.0,-0.008446711115539074,0.8045811653137207,0.0,-0.008584879338741302,0.7834905385971069,0.0,-0.05061778426170349
902.0,900.0,3.2877,0.5551,8.7847,-0.0392,0.0243,-0.1249,-1.5203511354378243,0.0,1.8344781398773193,-2.0155422687530518,-0.0,2.0411837100982666,4.651721163386963,0.0,0.28709012269973755,-1.6385915915118616,0.0,-0.003908502869307995,0.8046131134033203,0.0,-0.00030637835152447224,0.7834905385971069,0.0,0.03065885603427887
902.0,900.0,3.2877,0.5551,8.7847,-0.0392,0.0243,-0.1249,-1.5204229776612301,0.0,1.8200979232788086,-2.0155749320983887,-0.0,2.030322551727295,4.651721163386963,0.0,0.2812444567680359,-1.638543430958883,0.0,-0.0020736504811793566,0.8045689463615417,0.0,-0.0035310876555740833,0.7835105657577515,0.0,0.0336608849465847
902.0,900.0,3.2877,0.5551,8.7847,-0.0392,0.0243,-0.1249,-1.5203870621374627,0.0,1.852518081665039,-2.0155463218688965,-0.0,2.11649751663208,4.651781721706055,0.0,0.3013416528701782,-1.6385515371905726,0.0,-0.0028382090386003256,0.8045971989631653,0.0,-0.017017608508467674,0.7834783792495728,0.0,-0.005025043152272701
902.0,900.0,3.2877,0.5551,8.7847,-0.0392,0.0243,-0.1249,-1.5203870621374627,0.0,1.8933076858520508,-2.0155742168426514,-0.0,2.026185989379883,4.651721163386963,0.0,0.29420173168182373,-1.6385677496539515,0.0,0.00839549582451582,0.8046050071716309,0.0,-0.0043125697411596775,0.7834984064102173,0.0,0.027337612584233284
902.0,900.0,3.2877,0.5551,8.7847,-0.0392,0.0243,-0.1249,-1.5203791309944172,0.0,1.804585576057434,-2.0155298709869385,-0.0,2.051260471343994,4.651705427760742,0.0,0.29540300369262695,-1.6385672728167933,0.0,-0.007562674582004547,0.804577112197876,0.0,-0.008143057115375996,0.7834864854812622,0.0,-0.04951858893036842
902.0,900.0,3.2877,0.5551,8.7847,-0.0392,0.0243,-0.1249,-1.5203870695880433,0.0,1.827359914779663,-2.0155298709869385,-0.0,2.0446858406066895,4.651721163386963,0.0,0.295510470867157,-1.6385634581195276,0.0,0.005771857686340809,0.8045731782913208,0.0,0.0004712747468147427,0.7834987044334412,0.0,-0.0010709899943321943
902.0,900.0,3.2877,0.5551,8.7847,-0.0392,0.0243,-0.1249,-1.5204029616764565,0.0,1.8354835510253906,-2.0155627727508545,-0.0,2.040961503982544,4.651745958919189,0.0,0.2976091802120209,-1.6385591665851038,0.0,0.007403288036584854,0.8045811653137207,0.0,-0.00136846536770463,0.7835307717323303,0.0,-0.0010726125910878181
902.0,900.0,3.2877,0.5551,8.7847,-0.0392,0.0243,-0.1249,-1.5203472536853333,0.0,1.8145360946655273,-2.01552152633667,-0.0,2.0615763664245605,4.6517698007771,0.0,0.2974841296672821,-1.6385472456561487,0.0,-0.00034003378823399544,0.8046090602874756,0.0,-0.009464572183787823,0.783502459526062,0.0,-0.0027466253377497196
902.0,900.0,3.2877,0.5551,8.7847,-0.0392,0.0243,-0.1249,-1.520371002410986,0.0,1.7796711921691895,-2.01552152633667,-0.0,2.0711164474487305,4.651737375850342,0.0,0.2960471212863922,-1.6385591665851038,0.0,-0.004413112998008728,0.8045408725738525,0.0,-0.006157318130135536,0.7834503054618835,0.0,0.007769535295665264
902.0,900.0,3.2877,0.5551,8.7847,-0.0392,0.0243,-0.1249,-1.5204189543477078,0.0,1.841921329498291,-2.0155298709869385,-0.0,2.0050976276397705,4.65176169454541,0.0,0.2999337315559387,-1.6385472456561487,0.0,-0.004680667072534561,0.8046330809593201,0.0,0.004371585324406624,0.7834905385971069,0.0,-0.03260078281164169
902.0,900.0,3.2877,0.5551,8.7847,-0.0392,0.0243,-0.1249,-1.5203631047955533,0.0,1.84531569480896,-2.015521764755249,-0.0,2.0601515769958496,4.651689215297363,0.0,0.29528647661209106,-1.6385472456561487,0.0,0.008147024549543858,0.8045852184295654,0.0,0.0010004641953855753,0.783502459526062,0.0,-0.011505641043186188
902.0,900.0,3.2877,0.5551,8.7847,-0.0392,0.0243,-0.1249,-1.5203910146704693,0.0,1.8099441528320312,-2.015530824661255,-0.0,2.0404677391052246,4.651729269618652,0.0,0.30026212334632874,-1.638543430958883,0.0,-0.0009626065148040652,0.804564893245697,0.0,0.0009072953835129738,0.7835185527801514,0.0,-0.0022094943560659885
902.0,900.0,3.2877,0.5551,8.7847,-0.0392,0.0243,-0.1249,-1.5203711588731785,0.0,1.8188118934631348,-2.015550374984741,-0.0,2.0848240852355957,4.651765986079834,0.0,0.2929462492465973,-1.6385553518878382,0.0,0.0031451706308871508,0.8045529723167419,0.0,-0.011903860606253147,0.7834703922271729,0.0,-0.001354128122329712
902.0,900.0,3.2877,0.5551,8.7847,-0.0392,0.0243,-0.1249,-1.5204029281488438,0.0,1.8282287120819092,-2.0155298709869385,-0.0,2.0564446449279785,4.6517578798481445,0.0,0.29670482873916626,-1.6385591665851038,0.0,0.0033344561234116554,0.8045930862426758,0.0,-0.000687877181917429,0.783502459526062,0.0,-0.027476808056235313
902.0,900.0,3.2877,0.5551,8.7847,-0.0392,0.0243,-0.1249,-1.5203749810210248,0.0,1.8282842636108398,-2.015510320663452,-0.0,2.0063610076904297,4.651737375850342,0.0,0.3020370900630951,-1.6385634581195276,0.0,0.00877092033624649,0.8045690655708313,0.0,0.008047448471188545,0.7834984064102173,0.0,-0.01193256489932537
906.0,933.0,3.2435,0.5121,8.8313,-0.0357,0.0195,-0.1093,-1.5203511838665982,0.0,1.8569307327270508,-2.0155627727508545,-0.0,2.0250558853149414,4.65176169454541,0.0,0.2821488082408905,-1.638543430958883,0.0,-0.00545016024261713,0.8046011924743652,0.0,-0.0023799880873411894,0.7835144400596619,0.0,0.02363462746143341
906.0,933.0,3.2435,0.5121,8.8313,-0.0357,0.0195,-0.1093,-1.5203710359385987,0.0,1.8146003484725952,-2.0155224800109863,-0.0,2.025907039642334,4.651765986079834,0.0,0.30016380548477173,-1.638531510029928,0.0,0.006837088614702225,0.8046090602874756,0.0,-0.009194220416247845,0.7834986448287964,0.0,0.0010332493111491203
906.0,933.0,3.2435,0.5121,8.8313,-0.0357,0.0195,-0.1093,-1.5203432862511654,0.0,1.8239238262176514,-2.0155019760131836,-0.0,2.0613303184509277,4.651733561153076,0.0,0.28583794832229614,-1.63861591020693,0.0,0.003630360122770071,0.8045329451560974,0.0,0.006497594993561506,0.783486545085907,0.0,-0.012834611348807812
906.0,933.0,3.2435,0.5121,8.8313,-0.0357,0.0195,-0.1093,-1.5203749810210248,0.0,1.8417105674743652,-2.0155184268951416,-0.0,2.072352647781372,4.651765986079834,0.0,0.29073861241340637,-1.6385591665851038,0.0,0.005616889800876379,0.8045893311500549,0.0,-0.009158628061413765,0.783502459526062,0.0,0.007838558405637741
906.0,933.0,3.2435,0.5121,8.8313,-0.0357,0.0195,-0.1093,-1.5203910072198887,0.0,1.7900748252868652,-2.0155019760131836,-0.0,2.0140929222106934,4.6517249780842285,0.0,0.30112454295158386,-1.638571564351217,0.0,-0.0021960483863949776,0.8046410083770752,0.0,0.003188320202752948,0.7834824919700623,0.0,-0.02467181161046028
906.0,933.0,3.2435,0.5121,8.8313,-0.0357,0.0195,-0.1093,-1.5203749810210248,0.0,1.8225760459899902,-2.0155587196350098,-0.0,2.0757431983947754,4.6517578798481445,0.0,0.3030341565608978,-1.6385834852801722,0.0,-0.003888460574671626,0.8045689463615417,0.0,0.00312160630710423,0.7834784984588623,0.0,0.029816225171089172
906.0,933.0,3.2435,0.5121,8.8313,-0.0357,0.0195,-0.1093,-1.5203791309944172,0.0,1.8493719100952148,-2.015571117401123,-0.0,2.0831618309020996,4.651741667384766,0.0,0.3035612404346466,-1.6385558287249964,0.0,0.01528901793062687,0.8046131134033203,0.0,-0.00014639180153608322,0.7834824323654175,0.0,0.023811107501387596
906.0,933.0,3.2435,0.5121,8.8313,-0.0357,0.0195,-0.1093,-1.5204108592918892,0.0,1.839141845703125,-2.015550374984741,-0.0,2.0315027236938477,4.651716871852539,0.0,0.2978430390357971,-1.6385591665851038,0.0,-0.008132780902087688,0.8045527935028076,0.0,-0.0010128264548256993,0.7835307717323303,0.0,-0.018304403871297836
906.0,933.0,3.2435,0.5121,8.8313,-0.0357,0.0195,-0.1093,-1.5203949970057984,0.0,1.8354465961456299,-2.0155184268951416,-0.0,2.0798590183258057,4.651737375850342,0.0,0.2960968017578125,-1.6385634581195276,0.0,-0.010670706629753113,0.8046011924743652,0.0,-0.018465278670191765,0.7835185527801514,0.0,-0.033837560564279556
906.0,933.0,3.2435,0.5121,8.8313,-0.0357,0.0195,-0.1093,-1.5203989420882245,0.0,1.8598649501800537,-2.015594720840454,-0.0,2.065115451812744,4.6517249780842285,0.0,0.29260310530662537,-1.6385515371905726,0.0,-0.0034206490963697433,0.804589033126831,0.0,-0.016266463324427605,0.7835144996643066,0.0,0.009275926277041435
906.0,933.0,3.2435,0.5121,8.8313,-0.0357,0.0195,-0.1093,-1.5204110232046624,0.0,1.828599452972412,-2.015550374984741,-0.0,2.0094542503356934,4.65176169454541,0.0,0.30044806003570557,-1.6385796705829065,0.0,-0.008875211700797081,0.8045570850372314,0.0,-0.00035643091541714966,0.7834544777870178,0.0,-0.013248257339000702
906.0,933.0,3.2435,0.5121,8.8313,-0.0357,0.0195,-0.1093,-1.5203670498779793,0.0,1.857535719871521,-2.0155906677246094,-0.0,2.0723419189453125,4.651697321529053,0.0,0.31149622797966003,-1.6385515371905726,0.0,0.012809633277356625,0.8046092987060547,0.0,-0.00013142317766323686,0.783482551574707,0.0,-0.01016705296933651
906.0,933.0,3.2435,0.5121,8.8313,-0.0357,0.0195,-0.1093,-1.5204189543477078,0.0,1.7960240840911865,-2.0155670642852783,-0.0,2.0359408855438232,4.651753588313721,0.0,0.28873512148857117,-1.6385558287249964,0.0,-0.0010268890764564276,0.8046250343322754,0.0,0.002678985707461834,0.7835307121276855,0.0,0.028736166656017303
906.0,933.0,3.2435,0.5121,8.8313,-0.0357,0.0195,-0.1093,-1.5203989420882245,0.0,1.8131392002105713,-2.0155792236328125,-0.0,2.0452933311462402,4.651773615474365,0.0,0.2973749339580536,-1.6385677496539515,0.0,0.0061759185045957565,0.8046051263809204,0.0,-0.011413516476750374,0.7835427522659302,0.0,0.04744745045900345
906.0,933.0,3.2435,0.5121,8.8313,-0.0357,0.0195,-0.1093,-1.5203910072198887,0.0,1.7989754676818848,-2.0155298709869385,-0.0,2.049165964126587,4.651745958919189,0.0,0.3021833896636963,-1.6385672728167933,0.0,0.002826147247105837,0.804536759853363,0.0,-0.024780312553048134,0.7834905385971069,0.0,0.012482605874538422
895.0,8190.0,3.3709,0.5342,8.6722,-0.0379,0.0223,-0.1242,-1.5204149682870884,0.0,1.8657989501953125,-2.0155184268951416,-0.0,2.0726797580718994,4.651737375850342,0.0,0.30320441722869873,-1.6385553518878382,0.0,-0.003642698284238577,0.8044726252555847,0.0,-0.010831725783646107,0.783506453037262,0.0,0.011775822378695011
895.0,8190.0,3.3709,0.5342,8.6722,-0.0379,0.0223,-0.1242,-1.5204068732312699,0.0,1.8589346408843994,-2.0154895782470703,-0.0,2.07766056060791,4.6517578798481445,0.0,0.289251446723938,-1.6385553518878382,0.0,0.0013087834231555462,0.8045811653137207,0.0,-0.007609473075717688,0.7835185527801514,0.0,-0.012217536568641663
895.0,8190.0,3.3709,0.5342,8.6722,-0.0379,0.0223,-0.1242,-1.5203710359385987,0.0,1.8223508596420288,-2.0155060291290283,-0.0,2.0371975898742676,4.651705427760742,0.0,0.2926299571990967,-1.6385472456561487,0.0,-0.0017478971276432276,0.804573118686676,0.0,-0.0008623849134892225,0.7834942936897278,0.0,0.004595692735165358
895.0,8190.0,3.3709,0.5342,8.6722,-0.0379,0.0223,-0.1242,-1.5204149682870884,0.0,1.8205797672271729,-2.015571117401123,-0.0,2.030287981033325,4.651716871852539,0.0,0.2965690493583679,-1.6385515371905726,0.0,-0.0146830128505826,0.8046250343322754,0.0,-0.00817881990224123,0.7834703922271729,0.0,0.033711500465869904
895.0,8190.0,3.3709,0.5342,8.6722,-0.0379,0.0223,-0.1242,-1.5203949970057984,0.0,1.8041585683822632,-2.0155587196350098,-0.0,2.037127733230591,4.651737375850342,0.0,0.28514623641967773,-1.6385353247271937,0.0,-0.00838375836610794,0.8046090602874756,0.0,0.0013556033372879028,0.7835185527801514,0.0,0.036512214690446854
895.0,8190.0,3.3709,0.5342,8.6722,-0.0379,0.0223,-0.1242,-1.5204470206848164,0.0,1.818964958190918,-2.0155224800109863,-0.0,2.0699782371520996,4.651733561153076,0.0,0.29374226927757263,-1.6385629812823694,0.0,0.00432274304330349,0.8045771718025208,0.0,0.0030596095602959394,0.7834905385971069,0.0,0.059781815856695175
895.0,8190.0,3.3709,0.5342,8.6722,-0.0379,0.0223,-0.1242,-1.520359096383192,0.0,1.8020206689834595,-2.015537977218628,-0.0,2.07503080368042,4.651777907008789,0.0,0.2909110486507416,-1.6385796705829065,0.0,0.0004537198692560196,0.804548978805542,0.0,0.004105612635612488,0.7834462523460388,0.0,0.018658585846424103
895.0,8190.0,3.3709,0.5342,8.6722,-0.0379,0.0223,-0.1242,-1.520359118734934,0.0,1.7947380542755127,-2.015533924102783,-0.0,2.024810791015625,4.65176169454541,0.0,0.3000783324241638,-1.63861591020693,0.0,0.001786183100193739,0.8046571612358093,0.0,-0.008962387219071388,0.7835346460342407,0.0,0.006713534705340862
895.0,8190.0,3.3709,0.5342,8.6722,-0.0379,0.0223,-0.1242,-1.5204149682870884,0.0,1.8619909286499023,-2.015526533126831,-0.0,2.0629067420959473,4.651745958919189,0.0,0.308162122964859,-1.6385510603534144,0.0,-0.004315408878028393,0.8046409487724304,0.0,-0.013126389123499393,0.7835105657577515,0.0,0.017385507002472878
895.0,8190.0,3.3709,0.5342,8.6722,-0.0379,0.0223,-0.1242,-1.520391010945179,0.0,1.8556797504425049,-2.0155422687530518,-0.0,2.0526113510131836,4.651721163386963,0.0,0.29969358444213867,-1.6385558287249964,0.0,-0.0009871849324554205,0.8045971393585205,0.0,0.004862166941165924,0.7835427522659302,0.0,-0.003776530735194683
895.0,8190.0,3.3709,0.5342,8.6722,-0.0379,0.0223,-0.1242,-1.5203830760768433,0.0,1.8276238441467285,-2.0155141353607178,-0.0,2.054760217666626,4.6517249780842285,0.0,0.3031892478466034,-1.6385558287249964,0.0,-0.004584750160574913,0.8045650720596313,0.0,-0.0068528298288583755,0.7834984064102173,0.0,0.0017505437135696411
895.0,8190.0,3.3709,0.5342,8.6722,-0.0379,0.0223,-0.1242,-1.5203591150096436,0.0,1.8138090372085571,-2.0155627727508545,-0.0,2.0471248626708984,4.651765509242676,0.0,0.29845762252807617,-1.6384871641742151,0.0,-0.002621762454509735,0.8045330047607422,0.0,-0.015919368714094162,0.7835065126419067,0.0,-0.03912942856550217
895.0,8190.0,3.3709,0.5342,8.6722,-0.0379,0.0223,-0.1242,-1.520347238784172,0.0,1.8376479148864746,-2.0155463218688965,-0.0,2.022249698638916,4.651773615474365,0.0,0.2969924211502075,-1.6385954062091272,0.0,0.0114302858710289,0.8046250343322754,0.0,-0.004523284733295441,0.7835266590118408,0.0,0.00496926112100482
895.0,8190.0,3.3709,0.5342,8.6722,-0.0379,0.0223,-0.1242,-1.5203351576677342,0.0,1.8545951843261719,-2.0155019760131836,-0.0,2.074495553970337,4.651777907008789,0.0,0.30362144112586975,-1.6385915915118616,0.0,0.002867050701752305,0.8046090602874756,0.0,-0.007585699670016766,0.7835144996643066,0.0,-0.0339648574590683
895.0,8190.0,3.3709,0.5342,8.6722,-0.0379,0.0223,-0.1242,-1.5203591150096436,0.0,1.834684133529663,-2.0155627727508545,-0.0,2.0414891242980957,4.651709719295166,0.0,0.2990387976169586,-1.6385396162616175,0.0,0.006843858864158392,0.8046131134033203,0.0,-0.00372541812248528,0.7834622263908386,0.0,-0.015268324874341488
943.0,882.0,3.1884,0.5701,8.8056,-0.0353,0.02,-0.1107,-1.5203909997693081,0.0,1.7866359949111938,-2.015571117401123,-0.0,2.0477259159088135,4.651721163386963,0.0,0.29039695858955383,-1.6385872999774378,0.0,-0.013635296374559402,0.8046330809593201,0.0,-0.005038089584559202,0.7834622859954834,0.0,0.007727151270955801
943.0,882.0,3.1884,0.5701,8.8056,-0.0353,0.02,-0.1107,-1.5203830760768433,0.0,1.831709623336792,-2.0155019760131836,-0.0,2.1249537467956543,4.65178553640332,0.0,0.29795411229133606,-1.6385796705829065,0.0,-0.0022188518196344376,0.804564893245697,0.0,-0.01116457674652338,0.7835144996643066,0.0,0.04603767767548561
943.0,882.0,3.1884,0.5701,8.8056,-0.0353,0.02,-0.1107,-1.5203949746540566,0.0,1.8359742164611816,-2.0155422687530518,-0.0,2.0164451599121094,4.65176169454541,0.0,0.28380143642425537,-1.6385553518878382,0.0,-0.00199652137234807,0.8045771718025208,0.0,-0.007643372751772404,0.7835144996643066,0.0,0.03606713190674782
943.0,882.0,3.1884,0.5701,8.8056,-0.0353,0.02,-0.1107,-1.520374984746315,0.0,1.8175064325332642,-2.0155422687530518,-0.0,2.067852258682251,4.651749296779297,0.0,0.2935764789581299,-1.6386478582965296,0.0,0.0035717980936169624,0.8046130537986755,0.0,-0.01157638430595398,0.7834902405738831,0.0,-0.002093282528221607
943.0,882.0,3.1884,0.5701,8.8056,-0.0353,0.02,-0.1107,-1.5203910072198887,0.0,1.853463888168335,-2.0155670642852783,-0.0,2.024606704711914,4.6517698007771,0.0,0.28292274475097656,-1.6385872999774378,0.0,-0.015883037820458412,0.8046329617500305,0.0,-0.004598628729581833,0.7835347056388855,0.0,-0.008514143526554108
943.0,882.0,3.1884,0.5701,8.8056,-0.0353,0.02,-0.1107,-1.5203591150096436,0.0,1.8810977935791016,-2.0155255794525146,-0.0,2.0811004638671875,4.651761217708252,0.0,0.2967328727245331,-1.638627831135885,0.0,-0.010855300351977348,0.8046212196350098,0.0,-0.010815693065524101,0.7834902405738831,0.00014596871915273368,-0.035946350544691086
943.0,882.0,3.1884,0.5701,8.8056,-0.0353,0.02,-0.1107,-1.5203749810210248,0.0,1.8050408363342285,-2.015510082244873,-0.0,2.0342369079589844,4.651765509242676,0.0,0.29450321197509766,-1.638603989277975,0.0,-0.0036063147708773613,0.8045408725738525,0.0,0.0016803368926048279,0.7834862470626831,0.0006788757164031267,-0.009810314513742924
943.0,882.0,3.1884,0.5701,8.8056,-0.0353,0.02,-0.1107,-1.520378967081644,0.0,1.8448208570480347,-2.0155587196350098,-0.0,2.1007027626037598,4.651741667384766,0.0,0.2843180000782013,-1.6385872999774378,0.0,-0.0013686680467799306,0.8045971393585205,0.0,0.010907886549830437,0.7835184335708618,0.0018554251873865724,-0.013473760336637497
943.0,882.0,3.1884,0.5701,8.8056,-0.0353,0.02,-0.1107,-1.5203591150096436,0.0,1.8112564086914062,-2.0155670642852783,-0.0,2.0625054836273193,4.651733561153076,0.0,0.2911745309829712,-1.6386154333697718,0.0,-0.0042115990072488785,0.8045890927314758,0.0,-0.006520370952785015,0.7835947871208191,0.0027594801504164934,-0.026665430516004562
943.0,882.0,3.1884,0.5701,8.8056,-0.0353,0.02,-0.1107,-1.5203750070980568,0.0,1.8520665168762207,-2.0155835151672363,-0.0,2.0951578617095947,4.65179364263501,0.0,0.28270065784454346,-1.6385749022113245,0.0,0.0004162393743172288,0.8046249747276306,0.0,7.502268999814987e-05,0.7835703492164612,0.004129378590732813,0.005450548138469458
943.0,882.0,3.1884,0.5701,8.8056,-0.0353,0.02,-0.1107,-1.5203511838665982,0.0,1.8577423095703125,-2.015533924102783,-0.0,2.0293774604797363,4.651781721706055,0.0,0.29440414905548096,-1.638627831135885,0.0,-0.0089418925344944,0.8045608997344971,0.0,-0.007543894462287426,0.7836626768112183,0.0054268245585262775,0.035578593611717224
943.0,882.0,3.1884,0.5701,8.8056,-0.0353,0.02,-0.1107,-1.5203830760768433,0.0,1.852310299873352,-2.015550374984741,-0.0,2.10269832611084,4.651705427760742,0.0,0.29468274116516113,-1.6386154333697718,0.0,-0.007678575813770294,0.8046169877052307,0.0,-0.00035960739478468895,0.7836626768112183,0.006261695176362991,0.003895353991538286
943.0,882.0,3.1884,0.5701,8.8056,-0.0353,0.02,-0.1107,-1.5203391437283535,0.0,1.8243002891540527,-2.0155224800109863,-0.0,2.034670829772949,4.651749773616455,0.0,0.3061674237251282,-1.6386397520648401,0.0,-0.0008857529610395432,0.8046249747276306,0.0,-0.009885129518806934,0.7836906909942627,0.005295858718454838,-0.02003060281276703
943.0,882.0,3.1884,0.5701,8.8056,-0.0353,0.02,-0.1107,-1.5203989420882245,0.0,1.8286657333374023,-2.0155224800109863,-0.0,2.071610450744629,4.651745482082031,0.0,0.30085480213165283,-1.6386068503009241,0.0,-0.007061590440571308,0.8046330213546753,0.0,-0.009395655244588852,0.783682644367218,0.004354475531727076,0.009487111121416092
928.0,913.0,3.216,0.216,8.8146,-0.0467,0.0228,-0.1162,-1.5203989793411274,0.0,1.8106298446655273,-2.0155060291290283,-0.0,2.0573644638061523,4.651773615474365,0.0,0.3049340844154358,-1.638644043599264,0.0,0.006198052316904068,0.8046409487724304,0.0,-0.007213712669909,0.783778965473175,0.0027894466184079647,-0.003961792215704918
928.0,913.0,3.216,0.216,8.8146,-0.0467,0.0228,-0.1162,-1.5204270494035264,0.0,1.8222997188568115,-2.015537977218628,-0.0,2.0714809894561768,4.651741667384766,0.0,0.3014247417449951,-1.638583008443014,0.0,-0.0032637515105307102,0.8046050667762756,0.0,-0.006159748416393995,0.7837426662445068,0.0017553396755829453,0.008985709398984909
928.0,913.0,3.216,0.216,8.8146,-0.0467,0.0228,-0.1162,-1.5203470972231408,0.0,1.8397067785263062,-2.0155298709869385,-0.0,2.0083000659942627,4.651765986079834,0.0,0.3015841841697693,-1.6385791937457483,0.0,-0.00471357349306345,0.8045931458473206,0.0,-0.003187658730894327,0.7837265729904175,0.0011310633271932602,0.05292276293039322
928.0,913.0,3.216,0.216,8.8146,-0.0467,0.0228,-0.1162,-1.5203749810210248,0.0,1.8417104482650757,-2.015533924102783,-0.0,2.080808401107788,4.6517698007771,0.0,0.29420578479766846,-1.6385791937457483,0.0,0.010064337402582169,0.8046489953994751,0.0,-0.010251401923596859,0.7836943864822388,0.0008565339376218617,0.031096594408154488
928.0,913.0,3.216,0.216,8.8146,-0.0467,0.0228,-0.1162,-1.520395004456379,0.0,1.8624823093414307,-2.0155742168426514,-0.0,2.0162763595581055,4.651729269618652,0.0,0.29700446128845215,-1.6386078039752405,0.0,6.621242209803313e-05,0.8045931458473206,0.0,0.0022319527342915535,0.7837427258491516,0.0006308539886958897,0.038261529058218
928.0,913.0,3.216,0.216,8.8146,-0.0467,0.0228,-0.1162,-1.5203870248845597,0.0,1.828648567199707,-2.0155670642852783,-0.0,2.073448657989502,4.651713533992432,0.0,0.2999570369720459,-1.638599697743551,0.0,-0.004802575800567865,0.8046209812164307,0.0,-0.0007578730583190918,0.7837187051773071,0.000554368831217289,0.023658376187086105
928.0,913.0,3.216,0.216,8.8146,-0.0467,0.0228,-0.1162,-1.5203989420882245,0.0,1.8462250232696533,-2.0155298709869385,-0.0,2.05850887298584,4.651777907008789,0.0,0.2936985492706299,-1.6386235396014612,0.0,0.002987947314977646,0.8046409487724304,0.0,-0.0008182274177670479,0.7836745977401733,0.00045032845810055733,0.05179772526025772
928.0,913.0,3.216,0.216,8.8146,-0.0467,0.0228,-0.1162,-1.5203751784614106,0.0,1.8700671195983887,-2.0155420303344727,-0.0,2.0776357650756836,4.651733561153076,0.0,0.29464173316955566,-1.6386154333697718,0.0,0.0009279560181312263,0.8046449422836304,0.0,-0.01132954191416502,0.7837146520614624,0.00037917314330115914,-0.014183436520397663
928.0,913.0,3.216,0.216,8.8146,-0.0467,0.0228,-0.1162,-1.5203791570714493,0.0,1.8676936626434326,-2.015571117401123,-0.0,2.0346274375915527,4.651729269618652,0.0,0.2860422134399414,-1.638599697743551,0.0,-0.008471211418509483,0.8045891523361206,0.0,-0.006739550735801458,0.7837467193603516,0.0003131921694148332,0.010557493194937706
928.0,913.0,3.216,0.216,8.8146,-0.0467,0.0228,-0.1162,-1.520375159834959,0.0,1.7952500581741333,-2.015550374984741,-0.0,2.039708137512207,4.651701136226318,0.0,0.2904077470302582,-1.6385753790484827,0.0,-0.0018494577379897237,0.8046091198921204,0.0,-0.012645724229514599,0.783698558807373,0.00027703773230314255,0.014973316341638565
928.0,913.0,3.216,0.216,8.8146,-0.0467,0.0228,-0.1162,-1.520407037144043,0.0,1.8184112310409546,-2.0155866146087646,-0.0,2.0824949741363525,4.651737375850342,0.0,0.2938883304595947,-1.6385791937457483,0.0,0.004700881894677877,0.8046289086341858,0.0,0.003672293620184064,0.7837386727333069,0.00024836664670147,-0.004758927505463362
928.0,913.0,3.216,0.216,8.8146,-0.0467,0.0228,-0.1162,-1.520423063342907,0.0,1.820197582244873,-2.015611410140991,-0.0,2.0362751483917236,4.651745958919189,0.0,0.28853970766067505,-1.6386235396014612,0.0,-0.01061074435710907,0.8045812249183655,0.0,0.0023401258513331413,0.7837187051773071,0.00022507415269501507,0.0203880462795496
928.0,913.0,3.216,0.216,8.8146,-0.0467,0.0228,-0.1162,-1.5203670387021084,0.0,1.8376576900482178,-2.0155587196350098,-0.0,2.0721259117126465,4.651689215297363,0.0,0.2881081998348236,-1.638627831135885,0.0,0.012043092399835587,0.8045569658279419,0.0,-0.012537425383925438,0.7837507724761963,0.00020577607210725546,-0.029971711337566376
928.0,913.0,3.216,0.216,8.8146,-0.0467,0.0228,-0.1162,-1.5204189543477078,0.0,1.8134868144989014,-2.015533924102783,-0.0,2.05301570892334,4.651749773616455,0.0,0.29236212372779846,-1.6385796705829065,0.0,-0.004825134761631489,0.8045933246612549,0.0,-0.008138494566082954,0.7837386131286621,0.00018952581740450114,-0.02739214524626732
928.0,913.0,3.216,0.216,8.8146,-0.0467,0.0228,-0.1162,-1.5204030510834237,0.0,1.8506063222885132,-2.015582323074341,-0.0,2.0832483768463135,4.651665373439453,0.0,0.3095897436141968,-1.6385872999774378,0.0,-0.0052384925074875355,0.8045970797538757,0.0,-0.005165675655007362,0.7837386727333069,0.00011923934653168544,-0.04493149742484093
917.0,891.0,3.2387,0.527,8.7607,-0.0351,0.0229,-0.1051,-1.5203989420882245,0.0,1.8356263637542725,-2.0155587196350098,-0.0,2.014711856842041,4.651737375850342,0.0,0.29945454001426697,-1.638599697743551,0.0,0.0011809179559350014,0.8046289682388306,0.0,0.0006626916583627462,0.7836825847625732,0.00011044969141948968,0.019624972715973854
917.0,891.0,3.2387,0.527,8.7607,-0.0351,0.0229,-0.1051,-1.5204389256289979,0.0,1.8356724977493286,-2.01552152633667,-0.0,2.047389030456543,4.651721163386963,0.0,0.28278738260269165,-1.6386120955096644,0.0,0.0005234158015809953,0.8046608567237854,0.0,-0.0026773842982947826,0.7837024927139282,8.230011735577136e-05,-0.005485888570547104
917.0,891.0,3.2387,0.527,8.7607,-0.0351,0.0229,-0.1051,-1.5203949970057984,0.0,1.8329195976257324,-2.015554666519165,-0.0,2.0441694259643555,4.651741667384766,0.0,0.29446566104888916,-1.6385553518878382,0.0,-0.015037547796964645,0.8046249747276306,0.0,-0.003225197782739997,0.7837147116661072,7.58262540330179e-05,0.008239898830652237
917.0,891.0,3.2387,0.527,8.7607,-0.0351,0.0229,-0.1051,-1.5204389256289979,0.0,1.836876630783081,-2.0155255794525146,-0.0,2.0638084411621094,4.651754065150879,0.0,0.2995373606681824,-1.6385710875140589,0.0,-0.0059640370309352875,0.8045850992202759,0.0,-0.0011235284619033337,0.7837628126144409,6.052462413208559e-05,-0.006934896111488342
917.0,891.0,3.2387,0.527,8.7607,-0.0351,0.0229,-0.1051,-1.5204110120287915,0.0,1.8182017803192139,-2.015533924102783,-0.0,2.0410234928131104,4.651685400600098,0.0,0.29626551270484924,-1.638603989277975,0.0,-0.0022074547596275806,0.804597020149231,0.0,0.0012381870765239,0.7837306261062622,0.00010069541167467833,0.0050167422741651535
917.0,891.0,3.2387,0.527,8.7607,-0.0351,0.0229,-0.1051,-1.520439089541771,0.0,1.8059946298599243,-2.0155506134033203,-0.0,2.023383378982544,4.651681109065674,0.0,0.29904627799987793,-1.6386359373675745,0.0,-0.00854653213173151,0.8046289086341858,0.0,0.0009760040557011962,0.7837707996368408,0.00015763394185341895,-0.005800889804959297
917.0,891.0,3.2387,0.527,8.7607,-0.0351,0.0229,-0.1051,-1.5204310950687905,0.0,1.8890759944915771,-2.0155019760131836,-0.0,2.052720308303833,4.651693029994629,0.0,0.30959653854370117,-1.6386030356036585,0.0,-0.0035649705678224564,0.8046969175338745,0.0,-0.004019471816718578,0.7837828993797302,0.000430687447078526,-0.04510776698589325
917.0,891.0,3.2387,0.527,8.7607,-0.0351,0.0229,-0.1051,-1.5203949970057984,0.0,1.8041930198669434,-2.0155298709869385,-0.0,2.0596561431884766,4.651701136226318,0.0,0.3021015524864197,-1.638611141835348,0.0,-0.006331905722618103,0.8046408295631409,0.0,-0.0022845182102173567,0.7837907671928406,0.00152787403203547,0.014356674626469612
917.0,891.0,3.2387,0.527,8.7607,-0.0351,0.0229,-0.1051,-1.5204149682870884,0.0,1.845889687538147,-2.015554666519165,-0.0,2.077479839324951,4.651713533992432,0.0,0.28799229860305786,-1.638627831135885,0.0,-0.002153455512598157,0.8046810030937195,0.0,-0.011531085707247257,0.7837825417518616,0.0026932223699986935,0.042830199003219604
917.0,891.0,3.2387,0.527,8.7607,-0.0351,0.0229,-0.1051,-1.5203910407475014,0.0,1.8172399997711182,-2.0155627727508545,-0.0,2.038160800933838,4.651745958919189,0.0,0.29899862408638,-1.6386192480670374,0.0,0.003426061710342765,0.8047086596488953,0.0,-0.009830059483647346,0.7838147878646851,0.00365189160220325,0.022288862615823746
917.0,891.0,3.2387,0.527,8.7607,-0.0351,0.0229,-0.1051,-1.5203870099833985,0.0,1.8415117263793945,-2.015582323074341,-0.0,2.0681755542755127,4.651717825526855,0.0,0.2911319136619568,-1.6386516729937952,0.0,0.002496476750820875,0.8046927452087402,0.0,0.013681299053132534,0.7838387489318848,0.004932682495564222,-0.016819428652524948
917.0,891.0,3.2387,0.527,8.7607,-0.0351,0.0229,-0.1051,-1.520391010945179,0.0,1.7935850620269775,-2.0155627727508545,-0.0,2.057349443435669,4.651709719295166,0.0,0.2939467132091522,-1.6386354605304163,0.0,-0.005863721016794443,0.8046287298202515,0.0,0.0008478397503495216,0.783878743648529,0.006827228702604771,0.010242692194879055
917.0,891.0,3.2387,0.527,8.7607,-0.0351,0.0229,-0.1051,-1.5204628270915528,0.0,1.8070354461669922,-2.015533924102783,-0.0,2.0376346111297607,4.651730223292969,0.0,0.285214900970459,-1.6386235396014612,0.0,-0.0026993444189429283,0.8046526312828064,0.0,0.022025447338819504,0.7839108109474182,0.009496437385678291,0.06581616401672363
917.0,891.0,3.2387,0.527,8.7607,-0.0351,0.0229,-0.1051,-1.520423063342907,-7.529163121944293e-05,1.7837421894073486,-2.0155906677246094,-0.0,2.0516297817230225,4.651709719295166,0.0,0.27764075994491577,-1.6386430899249476,0.0,-0.010423465631902218,0.8046689033508301,6.364679393300321e-06,0.042563118040561676,0.7840188145637512,0.011089223437011242,0.0790056586265564
917.0,891.0,3.2387,0.527,8.7607,-0.0351,0.0229,-0.1051,-1.5204190772822876,-0.00010059233318315819,1.7750797271728516,-2.0155298709869385,-0.0,2.06666898727417,4.651665373439453,0.0,0.2763194441795349,-1.6386273542987269,0.0,-0.014649751596152782,0.8046446442604065,1.7716319522520507e-09,0.025546517223119736,0.7840830087661743,0.01320130005478859,0.0871485099196434
919.0,878.0,3.2638,0.8644,8.6106,-0.0072,0.0226,-0.102,-1.5204271723381062,-0.0005483284476213157,1.7560937404632568,-2.015514373779297,-0.0,2.046902894973755,4.6516615587421875,0.0,0.2649003267288208,-1.6386430899249476,0.0,-0.023434476926922798,0.8046609163284302,4.931401966466742e-13,0.03792477771639824,0.7841629981994629,0.015835443511605263,0.1574264019727707
919.0,878.0,3.2638,0.8644,8.6106,-0.0072,0.0226,-0.102,-1.5204470057836552,-0.0005211522802710533,1.776930332183838,-2.0155224800109863,-0.0,1.9803926944732666,4.651693506831787,0.0,0.27488160133361816,-1.6386435667621058,0.0,-0.0171979907900095,0.8046967387199402,1.3726739334006354e-16,0.007673449348658323,0.7842550277709961,0.019527919590473175,0.14539378881454468
919.0,878.0,3.2638,0.8644,8.6106,-0.0072,0.0226,-0.102,-1.5204071600786229,-0.0004714731767307967,1.7695982456207275,-2.0155060291290283,-0.0,2.0637307167053223,4.651697321529053,0.0,0.2702726423740387,-1.6386311689959925,0.0,-0.04600336775183678,0.8047208189964294,0.00039798178477212787,0.032398246228694916,0.7843833565711975,0.022329160943627357,0.1691664457321167
919.0,878.0,3.2638,0.8644,8.6106,-0.0072,0.0226,-0.102,-1.5204550635865708,-0.0004210039915051311,1.7177358865737915,-2.0154895782470703,-0.0,2.0323050022125244,4.651677294368408,-0.00020142740686424077,0.26345717906951904,-1.6386354605304163,0.0,-0.03365769237279892,0.80470871925354,0.00041229143971577287,0.03596185892820358,0.78453129529953,0.02381889335811138,0.16488368809223175
919.0,878.0,3.2638,0.8644,8.6106,-0.0072,0.0226,-0.102,-1.5204111237875004,-0.0003718360385391861,1.7528624534606934,-2.015537977218628,-0.0,2.074763298034668,4.651725931758545,-0.00018705302500166,0.2651139795780182,-1.6386192480670374,-0.00018427547183819115,-0.014943867921829224,0.8047524690628052,0.0008123858133330941,0.03332717716693878,0.7846875190734863,0.025476055219769478,0.19068261981010437
919.0,878.0,3.2638,0.8644,8.6106,-0.0072,0.0226,-0.102,-1.5204469461790104,-0.00032195093808695674,1.71812903881073,-2.0155463218688965,-0.0,2.012346029281616,4.651677294368408,-0.0001663125294726342,0.2594860792160034,-1.638667408620016,-0.0001643883588258177,-0.038732193410396576,0.8047285079956055,0.001135518541559577,0.040344465523958206,0.7848315834999084,0.026413757354021072,0.21279509365558624
919.0,878.0,3.2638,0.8644,8.6106,-0.0072,0.0226,-0.102,-1.5204670552960415,-0.00028386834310367703,1.7347840070724487,-2.0155420303344727,-0.0,1.9952311515808105,4.651729269618652,-0.00014971131167840213,0.24829277396202087,-1.638639275227682,-0.00017577968537807465,-0.025918470695614815,0.8047086596488953,0.0009632427245378494,0.033580243587493896,0.7850440740585327,0.026405582204461098,0.17635022103786469
919.0,878.0,3.2638,0.8644,8.6106,-0.0072,0.0226,-0.102,-1.5204311174205323,-0.00019918331236112863,1.7398655414581299,-2.0154852867126465,-0.0,1.9874190092086792,4.651709719295166,-0.00013212658814154565,0.2557603120803833,-1.6386669317828577,-0.0001570909225847572,-0.03788242116570473,0.8047642707824707,0.0009731811005622149,0.04447411000728607,0.78523188829422,0.026716401800513268,0.2651331126689911
919.0,878.0,3.2638,0.8644,8.6106,-0.0072,0.0226,-0.102,-1.5204750013402482,-0.00017583294538781047,1.6805737018585205,-2.0155060291290283,-0.0,2.02754545211792,4.651737375850342,-0.00012142963532824069,0.2595955729484558,-1.6386593023883265,-0.00014448071306105703,-0.03224853053689003,0.8047605156898499,0.0011038151569664478,0.047536276280879974,0.7853881120681763,0.02676946111023426,0.25211045145988464
919.0,878.0,3.2638,0.8644,8.6106,-0.0072,0.0226,-0.102,-1.520391085450985,-0.0001573829649714753,1.7153791189193726,-2.015526533126831,-0.0,2.0058817863464355,4.651725931758545,-0.00011233513214392588,0.25765925645828247,-1.638639275227682,-0.00015593548596370965,-0.02482009306550026,0.8047605156898499,0.0011153343366459012,0.05176008492708206,0.785520076751709,0.0256404597312212,0.26626336574554443
919.0,878.0,3.2638,0.8644,8.6106,-0.0072,0.0226,-0.102,-1.5205028739622612,-0.0001707898045424372,1.6774102449417114,-2.015533924102783,-0.0,1.967092752456665,4.651701136226318,-0.00010450816625962034,0.25860708951950073,-1.638611141835348,-0.00014524305879604071,-0.037637148052453995,0.8048245310783386,0.001824930659495294,0.05700322613120079,0.7856801152229309,0.02436918020248413,0.28031572699546814
919.0,878.0,3.2638,0.8644,8.6106,-0.0072,0.0226,-0.102,-1.5204709817520161,-0.00018199573969468474,1.674955129623413,-2.0155224800109863,-0.0,2.002044916152954,4.651721163386963,-9.770093311090022e-05,0.26013949513435364,-1.6386516729937952,-0.0001358471781713888,-0.04509494826197624,0.8048283457756042,0.003401991678401828,0.06834761053323746,0.7858444452285767,0.025400569662451744,0.20904317498207092
919.0,878.0,3.2638,0.8644,8.6106,-0.0072,0.0226,-0.102,-1.5204311174205323,-0.0003312340413685888,1.6674268245697021,-2.015510082244873,-0.0,1.9954171180725098,4.651689215297363,-0.00012600506306625903,0.2448849081993103,-1.6386473814593714,-0.0001275930117117241,-0.03632120043039322,0.8048399686813354,0.007343278266489506,0.07747460901737213,0.7859765291213989,0.023572545498609543,0.2861948013305664
919.0,878.0,3.2638,0.8644,8.6106,-0.0072,0.0226,-0.102,-1.520470966850855,-0.002036481397226453,1.668677806854248,-2.0155141353607178,-0.0,2.020653009414673,4.651685400600098,-0.00012101571337552741,0.2407054901123047,-1.638707462941305,-0.00012028442142764106,-0.05733975023031235,0.8048958778381348,0.009902069345116615,0.08738240599632263,0.7861525416374207,0.02384478785097599,0.2858424782752991
916.0,906.0,3.3565,0.4158,8.5663,-0.0246,0.007,-0.0899,-1.5204546500793477,-0.0034931302070617676,1.689924955368042,-2.015537977218628,-0.0,1.998901605606079,4.651717825526855,-0.00013021657650824636,0.2378069907426834,-1.6386311689959925,-0.00011376794282114133,-0.046749696135520935,0.8049198389053345,0.007430242840200663,0.08718474209308624,0.7863128781318665,0.02603054605424404,0.3381924331188202
916.0,906.0,3.3565,0.4158,8.5663,-0.0246,0.007,-0.0899,-1.5205107902041455,-0.005256878677755594,1.6466197967529297,-2.015510320663452,-0.0,1.9709031581878662,4.651717825526855,-0.00012401120329741389,0.23625347018241882,-1.6386473814593714,-0.00010792102693812922,-0.04980333894491196,0.8049997091293335,0.0041283671744167805,0.08829803019762039,0.7863967418670654,0.026431232690811157,0.30658942461013794
916.0,906.0,3.3565,0.4158,8.5663,-0.0246,0.007,-0.0899,-1.5205146123519917,-0.0067494530230760574,1.6037379503250122,-2.015537977218628,-0.0,2.0078370571136475,4.651653452510498,-0.00011791833094321191,0.241806298494339,-1.6386554876910608,-0.00010264595039188862,-0.03717298060655594,0.8050036430358887,0.0018511352827772498,0.0995919406414032,0.7865808606147766,0.028994491323828697,0.38282328844070435
916.0,906.0,3.3565,0.4158,8.5663,-0.0246,0.007,-0.0899,-1.520566937779524,-0.0052562616765499115,1.6565837860107422,-2.015530824661255,-0.0,2.008723020553589,4.651681109065674,-0.00011066840670537204,0.24563080072402954,-1.638611141835348,-9.636562754167244e-05,-0.05047912150621414,0.8049917221069336,0.0007939205388538539,0.09710437059402466,0.786841094493866,0.03048865683376789,0.2697010040283203
916.0,906.0,3.3565,0.4158,8.5663,-0.0246,0.007,-0.0899,-1.5206309010139485,-0.0044769225642085075,1.604259729385376,-2.015489339828491,-0.0,1.9755420684814453,4.651741667384766,-0.0001057903136825189,0.2450738251209259,-1.638611141835348,-3.913379623554647e-05,-0.04294803738594055,0.804995596408844,0.0010697604157030582,0.09383540600538254,0.7870012521743774,0.031599149107933044,0.31834888458251953
916.0,906.0,3.3565,0.4158,8.5663,-0.0246,0.007,-0.0899,-1.520674818461277,-0.004736987873911858,1.6632215976715088,-2.0155224800109863,-0.0,1.9982531070709229,4.651725931758545,-0.00010132398892892525,0.2368246465921402,-1.6386430899249476,-3.6711171560455114e-05,-0.0603005513548851,0.8050357103347778,0.0017871017334982753,0.09429043531417847,0.7872697114944458,0.033050090074539185,0.34747135639190674
916.0,906.0,3.3565,0.4158,8.5663,-0.0246,0.007,-0.0899,-1.5207027581385155,-0.006321558728814125,1.62794029712677,-2.015526533126831,-0.0,2.019435405731201,4.6517016130634765,-8.364888344658539e-05,0.25066643953323364,-1.6386354605304163,-3.4594431781442836e-05,-0.057785771787166595,0.8050317764282227,0.001997867366299033,0.11420638114213943,0.7873815298080444,0.03371693193912506,0.3615897595882416
916.0,906.0,3.3565,0.4158,8.5663,-0.0246,0.007,-0.0899,-1.5207791601172467,-0.006606698036193848,1.6366145610809326,-2.0155420303344727,-0.0,1.963787317276001,4.651754065150879,-7.918020855868235e-05,0.2682217061519623,-1.638611141835348,-3.270851811976172e-05,-0.049401964992284775,0.805115282535553,0.0019203131087124348,0.10913020372390747,0.7876057624816895,0.03420991078019142,0.38103482127189636
916.0,906.0,3.3565,0.4158,8.5663,-0.0246,0.007,-0.0899,-1.520770513718464,-0.006308898329734802,1.6640701293945312,-2.0154895782470703,-0.0,2.0164785385131836,4.6517059045979,-7.521003135479987e-05,0.25014305114746094,-1.6385872999774378,-3.101756374235265e-05,-0.0469137467443943,0.8050551414489746,0.001624446245841682,0.11401214450597763,0.787830114364624,0.03313056752085686,0.36327582597732544
916.0,906.0,3.3565,0.4158,8.5663,-0.0246,0.007,-0.0899,-1.5208547052792092,-0.006772984284907579,1.6412270069122314,-2.015537977218628,-0.0,1.9454741477966309,4.651717825526855,-8.593874372309074e-05,0.24207502603530884,-1.6386154333697718,-2.2231060938793235e-05,-0.05938160791993141,0.805091381072998,0.0013031048001721501,0.10087679326534271,0.788034200668335,0.03356561437249184,0.38222360610961914
916.0,906.0,3.3565,0.4158,8.5663,-0.0246,0.007,-0.0899,-1.5208663579872628,-0.006571405101567507,1.6297531127929688,-2.0155420303344727,-0.0,2.0175232887268066,4.651722117061279,-8.202637400245294e-05,0.2403026819229126,-1.6386068503009241,-1.7437292626709677e-05,-0.04638930410146713,0.8050591349601746,0.001179190119728446,0.11238490790128708,0.788250207901001,0.032481011003255844,0.3580405116081238
916.0,906.0,3.3565,0.4158,8.5663,-0.0246,0.007,-0.0899,-1.5209386695972462,-0.008305661380290985,1.587599277496338,-2.0155141353607178,-0.0,2.0096426010131836,4.651665373439453,-7.84513249527663e-05,0.2452327311038971,-1.6385672728167933,-1.3427437806967646e-05,-0.05066296085715294,0.8050674200057983,0.0012474477989599109,0.12884938716888428,0.7884222865104675,0.03522415831685066,0.3199933171272278
916.0,906.0,3.3565,0.4158,8.5663,-0.0246,0.007,-0.0899,-1.520990678375103,-0.011553135700523853,1.564098834991455,-2.0155184268951416,-0.0,1.9915481805801392,4.651685877437256,-8.770044951234013e-05,0.23557469248771667,-1.6386354605304163,-1.2851340216002427e-05,-0.04985358938574791,0.8050431609153748,0.0012036514235660434,0.11493454873561859,0.7886345982551575,0.0352783165872097,0.38035255670547485
916.0,906.0,3.3565,0.4158,8.5663,-0.0246,0.007,-0.0899,-1.5210904640010376,-0.015981169417500496,1.5588029623031616,-2.015493631362915,-0.0,1.9628431797027588,4.6517016130634765,-9.493284596828744e-05,0.22724011540412903,-1.6386154333697718,-1.215696374856634e-05,-0.04461860656738281,0.8051632046699524,0.000997686991468072,0.1237495094537735,0.7890031933784485,0.039165396243333817,0.4174354672431946
916.0,906.0,3.3565,0.4158,8.5663,-0.0246,0.007,-0.0899,-1.5211942580393334,-0.018280765041708946,1.5161793231964111,-2.0155060291290283,-0.0,1.969254493713379,4.651665373439453,-9.133296407526359e-05,0.23665106296539307,-1.638603989277975,-1.168350900115911e-05,-0.05456523597240448,0.8051151633262634,0.0010782325407490134,0.12213006615638733,0.7892030477523804,0.04479937627911568,0.43514204025268555
942.0,869.0,2.8247,0.664,8.4233,0.0432,-0.0018,-0.0299,-1.5213426624289532,-0.01994996890425682,1.5184483528137207,-2.015482187271118,-0.0,1.9443144798278809,4.651677294368408,-8.798467752058059e-05,0.249332457780838,-1.6385915915118616,-1.124555910791969e-05,-0.04378974065184593,0.8051512241363525,0.0011251161340624094,0.1310272216796875,0.7895072102546692,0.0525602288544178,0.44393420219421387
942.0,869.0,2.8247,0.664,8.4233,0.0432,-0.0018,-0.0299,-1.5214706857553502,-0.022046450525522232,1.5048837661743164,-2.015537977218628,-0.0,1.9799209833145142,4.651693506831787,-0.00013693023356609046,0.2406664490699768,-1.6386397520648401,-1.0839241440407932e-05,-0.05944447219371796,0.805202841758728,0.0012442198349162936,0.12721078097820282,0.7898595333099365,0.0607522651553154,0.4708934426307678
942.0,869.0,2.8247,0.664,8.4233,0.0432,-0.0018,-0.0299,-1.5215699237636109,-0.023715868592262268,1.525273323059082,-2.015537977218628,-0.0,1.9907443523406982,4.651722117061279,-0.00012553096166811883,0.23086027801036835,-1.6385954062091272,-1.0461286365170963e-05,-0.04475937783718109,0.8051511645317078,0.001432204619050026,0.11047446727752686,0.7903052568435669,0.06679760664701462,0.4495465159416199
942.0,869.0,2.8247,0.664,8.4233,0.0432,-0.0018,-0.0299,-1.5217381988516827,-0.026353368535637856,1.442875623703003,-2.015482187271118,0.0003690309531521052,2.0057373046875,4.6517059045979,-0.00011583620653254911,0.24308711290359497,-1.6385591665851038,-1.0108776223205496e-05,-0.04176466912031174,0.8051471710205078,0.0012740361271426082,0.11905649304389954,0.7907763123512268,0.0733272060751915,0.4812294840812683
942.0,869.0,2.8247,0.664,8.4233,0.0432,-0.0018,-0.0299,-1.5218941655806084,-0.02913561649620533,1.4322688579559326,-2.015493631362915,0.0007764395559206605,2.0219943523406982,4.651673956508301,-0.00010753164679044858,0.22555723786354065,-1.6386235396014612,-1.6585978812599933e-07,-0.040033161640167236,0.8052470088005066,0.0010249384213238955,0.12537844479084015,0.7912527918815613,0.0824686586856842,0.46076422929763794
942.0,869.0,2.8247,0.664,8.4233,0.0432,-0.0018,-0.0299,-1.5221101616374035,-0.03314836323261261,1.438023567199707,-2.015469789505005,0.0007005075458437204,2.0309367179870605,4.651669188136719,-8.290655387099832e-05,0.24274149537086487,-1.638603989277975,-4.6167684258913155e-11,-0.03468937799334526,0.8051592111587524,0.0007848668610677123,0.13836787641048431,0.7917611002922058,0.09164899587631226,0.47194674611091614
942.0,869.0,2.8247,0.664,8.4233,0.0432,-0.0018,-0.0299,-1.5223178689232846,-0.037928447127342224,1.4112598896026611,-2.0154738426208496,0.0005958171677775681,2.087195634841919,4.651693506831787,-7.523838576162234e-05,0.24727807939052582,-1.6385872999774378,-1.2850946706517014e-14,-0.038559429347515106,0.8051272034645081,0.0006529227830469608,0.1229546070098877,0.7923094630241394,0.09973409026861191,0.5182349681854248
942.0,869.0,2.8247,0.664,8.4233,0.0432,-0.0018,-0.0299,-1.5226093021086236,-0.04347587376832962,1.4552843570709229,-2.015493631362915,0.0005832836031913757,2.1045541763305664,4.651689215297363,-6.943314656382427e-05,0.24619795382022858,-1.638599697743551,-2.335596158331758e-19,-0.034690044820308685,0.805131196975708,0.0004348199290689081,0.11728890240192413,0.7931020855903625,0.1016370877623558,0.480572372674942
942.0,869.0,2.8247,0.664,8.4233,0.0432,-0.0018,-0.0299,-1.522885301416256,-0.04850763455033302,1.4050565958023071,-2.015469789505005,0.0031359484419226646,2.1302616596221924,4.651709719295166,-4.929908027406782e-05,0.25558900833129883,-1.6385753790484827,-6.501217290092578e-23,-0.036496635526418686,0.8052187561988831,0.00043040254968218505,0.12869158387184143,0.7937306761741638,0.10107141733169556,0.5269549489021301
942.0,869.0,2.8247,0.664,8.4233,0.0432,-0.0018,-0.0299,-1.5231810224107285,-0.05294077843427658,1.430833101272583,-2.0154261589050293,0.007521454710513353,2.1209664344787598,4.651713533992432,-4.667362736654468e-05,0.25181490182876587,-1.6385472456561487,-1.809637672113268e-26,-0.0165847260504961,0.8052068948745728,0.0004130498564336449,0.12823233008384705,0.7943552732467651,0.09974715113639832,0.4190368056297302
942.0,869.0,2.8247,0.664,8.4233,0.0432,-0.0018,-0.0299,-1.5235167567482968,-0.05997934937477112,1.462106466293335,-2.015362024307251,0.011174231767654419,2.1570262908935547,4.65176169454541,-4.4372489355737343e-05,0.25961729884147644,-1.6385591665851038,-5.0371926571154014e-30,-0.008230689913034439,0.805206835269928,0.0005100169801153243,0.115354523062706,0.7949957847595215,0.09933366626501083,0.3975123465061188
942.0,869.0,2.8247,0.664,8.4233,0.0432,-0.0018,-0.0299,-1.523912252192833,-0.06550053507089615,1.4329991340637207,-2.0152976512908936,0.01285546738654375,2.1670732498168945,4.651729269618652,-4.2287549149477854e-05,0.24919062852859497,-1.6385954062091272,-1.4021209372886895e-33,-0.013406983576714993,0.805211067199707,0.0008703558123670518,0.12402224540710449,0.7955361008644104,0.09749346226453781,0.434567391872406
942.0,869.0,2.8247,0.664,8.4233,0.0432,-0.0018,-0.0299,-1.52434020981703,-0.07068424671888351,1.4488388299942017,-2.015214681625366,0.013618544675409794,2.171736478805542,4.651697798366211,4.933734453516081e-05,0.26452383399009705,-1.6385915915118616,-3.902855677026199e-37,-0.01204277016222477,0.8052904605865479,0.0010291446233168244,0.14138707518577576,0.7961244583129883,0.0952242836356163,0.4445788264274597
942.0,869.0,2.8247,0.664,8.4233,0.0432,-0.0018,-0.0299,-1.5247956749847908,-0.07510588318109512,1.3842902183532715,-2.015162944793701,0.016567589715123177,2.2261736392974854,4.651725931758545,6.71107554808259e-05,0.26001855731010437,-1.6385954062091272,-1.0863706474524577e-40,-0.001230886671692133,0.8052229285240173,0.0017455671913921833,0.13550782203674316,0.7967385649681091,0.0978235974907875,0.4226803183555603
942.0,869.0,2.8247,0.664,8.4233,0.0432,-0.0018,-0.0299,-1.5252955865911026,-0.07797244191169739,1.3861671686172485,-2.015042543411255,0.017961299046874046,2.1810367107391357,4.651681109065674,6.377851968863979e-05,0.27005070447921753,-1.6385553518878382,-3.0828566215145976e-44,-0.015922538936138153,0.8053025007247925,0.0027159079909324646,0.12977281212806702,0.7973535656929016,0.10554506629705429,0.45299088954925537
902.0,857.0,2.3533,0.07,9.3278,-0.0388,-0.0134,-0.0224,-1.5257669065943738,-0.07753647118806839,1.435036540031433,-2.014922618865967,0.018162090331315994,2.2279086112976074,4.651697321529053,5.955826782155782e-05,0.2806062400341034,-1.6385391394244593,-0.0,-0.0290682315826416,0.8052705526351929,0.003365351352840662,0.13607969880104065,0.7979739308357239,0.11040309816598892,0.4397153854370117
902.0,857.0,2.3533,0.07,9.3278,-0.0388,-0.0134,-0.0224,-1.526258749221899,-0.07612032443284988,1.4370278120040894,-2.0147860050201416,0.01805088482797146,2.1966614723205566,4.651681109065674,7.43991113267839e-05,0.274190217256546,-1.6385472456561487,0.0001511843001935631,-0.014457691460847855,0.8053106665611267,0.004700066521763802,0.1566930115222931,0.7985984683036804,0.10840301960706711,0.45630350708961487
902.0,857.0,2.3533,0.07,9.3278,-0.0388,-0.0134,-0.0224,-1.5269178722849865,-0.0806494951248169,1.411888599395752,-2.0146751403808594,0.01815744861960411,2.273324966430664,4.6517249780842285,6.878894055262208e-05,0.27872076630592346,-1.638547722493307,0.0001754261029418558,-0.018413588404655457,0.8053025603294373,0.007020151242613792,0.14344006776809692,0.7994990348815918,0.10559912025928497,0.4109264016151428
902.0,857.0,2.3533,0.07,9.3278,-0.0388,-0.0134,-0.0224,-1.52749781057749,-0.08875595778226852,1.4448589086532593,-2.0145952701568604,0.017449090257287025,2.2210593223571777,4.651749773616455,7.919456402305514e-05,0.28703558444976807,-1.6385234037982386,0.00015990289102774113,-0.0028062027413398027,0.8053900599479675,0.0063526746816933155,0.15016165375709534,0.8001677989959717,0.1034250482916832,0.40708303451538086
902.0,857.0,2.3533,0.07,9.3278,-0.0388,-0.0134,-0.0224,-1.5280335445753117,-0.09512423723936081,1.4361999034881592,-2.014491558074951,0.016421474516391754,2.264284133911133,4.651733561153076,0.00017898344958666712,0.28344717621803284,-1.6385234037982386,0.00014685600763186812,-0.0035286759957671165,0.8054182529449463,0.005403784103691578,0.16238908469676971,0.8007441759109497,0.10143265128135681,0.3762052059173584
902.0,857.0,2.3533,0.07,9.3278,-0.0388,-0.0134,-0.0224,-1.5286049594036122,-0.10179147869348526,1.4784691333770752,-2.014350652694702,0.017217690125107765,2.246382236480713,4.651777907008789,0.000260452798102051,0.288965106010437,-1.638531510029928,0.0001357774599455297,-0.002342025050893426,0.8054061532020569,0.0038412862922996283,0.1488724797964096,0.8012886643409729,0.09400526434183121,0.3925158977508545
902.0,857.0,2.3533,0.07,9.3278,-0.0388,-0.0134,-0.0224,-1.5291920539787789,-0.10641037672758102,1.5264513492584229,-2.0142388343811035,0.01935437321662903,2.3079721927642822,4.651745482082031,0.001015400281175971,0.2862772047519684,-1.6385472456561487,0.00012625346425920725,-0.009334273636341095,0.8054340481758118,0.0022994375322014093,0.1622084081172943,0.8018690347671509,0.09342534840106964,0.3973011374473572
902.0,857.0,2.3533,0.07,9.3278,-0.0388,-0.0134,-0.0224,-1.5298759129694481,-0.10855493694543839,1.4953079223632812,-2.0140907764434814,0.022091686725616455,2.2707414627075195,4.65179364263501,0.0012125546345487237,0.31528154015541077,-1.6385796705829065,0.00013256102101877332,-0.007723880931735039,0.8054022192955017,0.0013701075222343206,0.1407853066921234,0.8024494647979736,0.09942597895860672,0.4242839813232422
902.0,857.0,2.3533,0.07,9.3278,-0.0388,-0.0134,-0.0224,-1.5306121383658429,-0.10735546797513962,1.553208827972412,-2.0139105319976807,0.024929294362664223,2.3370895385742188,4.651769323939941,0.001054701511748135,0.3196815848350525,-1.638575855885641,0.0001291728694923222,-0.0077258385717868805,0.8054501414299011,0.00090985611313954,0.14821091294288635,0.8030340075492859,0.10239893943071365,0.35991644859313965
902.0,857.0,2.3533,0.07,9.3278,-0.0388,-0.0134,-0.0224,-1.5312868443182488,-0.1058766096830368,1.6048791408538818,-2.0137624740600586,0.02517845667898655,2.3566722869873047,4.65178553640332,0.0008915648213587701,0.31713587045669556,-1.6385439077960413,0.00013679460971616209,-0.006053814198821783,0.8054700493812561,0.0004903780063614249,0.14637458324432373,0.8036505579948425,0.1046023815870285,0.3668423593044281
902.0,857.0,2.3533,0.07,9.3278,-0.0388,-0.0134,-0.0224,-1.5319338266602536,-0.10151897370815277,1.5796291828155518,-2.0136308670043945,0.02382933907210827,2.362654209136963,4.651773615474365,0.0005666938959620893,0.32801616191864014,-1.6385200659381312,0.0001557509385747835,-0.0040328833274543285,0.8053783178329468,0.0003693195176310837,0.13932140171527863,0.8042348623275757,0.10151048004627228,0.36154961585998535
902.0,857.0,2.3533,0.07,9.3278,-0.0388,-0.0134,-0.0224,-1.532589254235365,-0.10398966819047928,1.5884878635406494,-2.013486862182617,0.02044486440718174,2.3748326301574707,4.651733561153076,0.0003291094908490777,0.3297452926635742,-1.6384714285479944,0.0001910233695525676,0.0027930052019655704,0.8054501414299011,0.0002963092701975256,0.1410006582736969,0.8048954606056213,0.10064959526062012,0.36984723806381226
902.0,857.0,2.3533,0.07,9.3278,-0.0388,-0.0134,-0.0224,-1.5334925216487427,-0.11514120548963547,1.558581829071045,-2.0133872032165527,0.01596454344689846,2.334606885910034,4.651733561153076,0.00018062969320453703,0.333744078874588,-1.6384838263141077,0.0002015905047301203,0.01119022723287344,0.8053501844406128,0.0002345134416827932,0.13304995000362396,0.8056648373603821,0.09337283670902252,0.3045393228530884
902.0,857.0,2.3533,0.07,9.3278,-0.0388,-0.0134,-0.0224,-1.5341802027872582,-0.12371843308210373,1.5116268396377563,-2.0132431983947754,0.014280703850090504,2.295902967453003,4.651797457332275,0.00017484631098341197,0.32660621404647827,-1.6385200659381312,0.0004058050690218806,0.017726000398397446,0.8054021000862122,0.0002027976152021438,0.14406341314315796,0.8061771988868713,0.08609262108802795,0.27052170038223267
886.0,827.0,3.3523,1.6355,8.8708,0.0593,0.0189,-0.0889,-1.5348390837064763,-0.1270245611667633,1.5115010738372803,-2.0131468772888184,0.01779654435813427,2.357614517211914,4.651809855098389,8.838900976115838e-05,0.31168150901794434,-1.6385114828692835,0.0003195527824573219,0.013136640191078186,0.8054620623588562,0.00017864079563878477,0.1390545666217804,0.8066654205322266,0.0777897909283638,0.29090115427970886
886.0,827.0,3.3523,1.6355,8.8708,0.0593,0.0189,-0.0889,-1.5356468644789238,-0.12791214883327484,1.499999761581421,-2.013023614883423,0.023487243801355362,2.375828266143799,4.651813192958496,0.0011024685809388757,0.329881876707077,-1.6385319868670862,0.00026340625481680036,0.01801890693604946,0.8053862452507019,0.00015962703037075698,0.136192187666893,0.8071419596672058,0.07629632949829102,0.2841132581233978
886.0,827.0,3.3523,1.6355,8.8708,0.0593,0.0189,-0.0889,-1.5363578137806435,-0.12332011759281158,1.535125970840454,-2.012892007827759,0.029997412115335464,2.4070632457733154,4.651869459743164,0.002053448697552085,0.33497583866119385,-1.638547722493307,0.00022404770425055176,0.015572838485240936,0.8054180145263672,0.00017286832735408098,0.14221176505088806,0.8075733184814453,0.08060406148433685,0.2868504524230957
886.0,827.0,3.3523,1.6355,8.8708,0.0593,0.0189,-0.0889,-1.5372295093587418,-0.1194722130894661,1.548030138015747,-2.012691020965576,0.03319266438484192,2.404283046722412,4.651833696956299,0.0011654122499749064,0.34254831075668335,-1.6385114828692835,0.00019492482533678412,0.022984473034739494,0.8054021000862122,0.00015793445345479995,0.1344498097896576,0.808121919631958,0.08695082366466522,0.2694726288318634
886.0,827.0,3.3523,1.6355,8.8708,0.0593,0.0189,-0.0889,-1.5379527111402531,-0.12277563661336899,1.4931838512420654,-2.0124919414520264,0.03669257089495659,2.4455087184906006,4.651773138637207,0.0004733505775220692,0.3406097888946533,-1.6385358015643519,0.00017250330711249262,0.010243238881230354,0.8054061532020569,0.00014519397518597543,0.13594616949558258,0.8086785674095154,0.0919029712677002,0.28309953212738037
886.0,827.0,3.3523,1.6355,8.8708,0.0593,0.0189,-0.0889,-1.538756252532341,-0.13140511512756348,1.5806024074554443,-2.0123002529144287,0.037580154836177826,2.4240593910217285,4.651777430171631,-7.924029341666028e-05,0.35156863927841187,-1.6384909788714808,0.00020852856687270105,0.014574379660189152,0.8054100871086121,0.00013435563596431166,0.14054501056671143,0.8091675639152527,0.09423327445983887,0.30561256408691406
886.0,827.0,3.3523,1.6355,8.8708,0.0593,0.0189,-0.0889,-1.5394831535271187,-0.1411401331424713,1.516139030456543,-2.01202392578125,0.04016397148370743,2.4431142807006836,4.651745482082031,-0.0002267515956191346,0.3334253430366516,-1.6384838263141077,0.00019634370983112603,0.02055894210934639,0.8054062724113464,0.00012502327444963157,0.14110085368156433,0.8097804188728333,0.0940372571349144,0.2949024438858032
886.0,827.0,3.3523,1.6355,8.8708,0.0593,0.0189,-0.0889,-1.5403188218227406,-0.14871637523174286,1.519841194152832,-2.011795997619629,0.046813517808914185,2.4933435916900635,4.651789351100586,-0.00012929318472743034,0.3355792760848999,-1.63847524324526,0.001062560360878706,0.03115229308605194,0.8053783178329468,0.0001363755582133308,0.13099351525306702,0.8103277087211609,0.08986790478229523,0.24948935210704803
886.0,827.0,3.3523,1.6355,8.8708,0.0593,0.0189,-0.0889,-1.5414857187173148,-0.15250840783119202,1.5130479335784912,-2.0112881660461426,0.0645686686038971,2.5098679065704346,4.651853724116943,-2.433762062992173e-07,0.33943238854408264,-1.638468090687887,0.004537822213023901,0.029575858265161514,0.805414080619812,0.00012551748659461737,0.12768110632896423,0.8109719753265381,0.07810094207525253,0.21997767686843872
886.0,827.0,3.3523,1.6355,8.8708,0.0593,0.0189,-0.0889,-1.5424090822092076,-0.1475977599620819,1.5531753301620483,-2.0108768939971924,0.08068451285362244,2.504261016845703,4.651825590724609,-6.774466404513291e-11,0.3366878032684326,-1.6384199301349085,0.018609531223773956,0.04733778163790703,0.8054382801055908,0.00011843823449453339,0.135036900639534,0.8114497065544128,0.0658586248755455,0.18244194984436035
886.0,827.0,3.3523,1.6355,8.8708,0.0593,0.0189,-0.0889,-1.543275985201337,-0.14234106242656708,1.5949922800064087,-2.0103237628936768,0.09579986333847046,2.497922420501709,4.651776953334473,-1.8856974426492874e-14,0.352308988571167,-1.6383684317218226,0.018348028883337975,0.046596210449934006,0.8054460883140564,0.0001121149689424783,0.13797308504581451,0.8117927312850952,0.05594218522310257,0.17832767963409424
886.0,827.0,3.3523,1.6355,8.8708,0.0593,0.0189,-0.0889,-1.5442354150912543,-0.14627432823181152,1.6072065830230713,-2.0097849369049072,0.107946015894413,2.552856922149658,4.65181748449292,0.0001711169898044318,0.3436729609966278,-1.638280216847555,0.0046634916216135025,0.03373296931385994,0.8054100871086121,0.00010643265704857185,0.1375993937253952,0.8121168613433838,0.04849911853671074,0.17464707791805267
886.0,827.0,3.3523,1.6355,8.8708,0.0593,0.0189,-0.0889,-1.5452347819558163,-0.15957996249198914,1.5713996887207031,-2.0090370178222656,0.11607233434915543,2.544210195541382,4.651769323939941,7.703138544457033e-05,0.34064534306526184,-1.6382959524737757,-0.0016167417634278536,0.025049222633242607,0.8054140210151672,0.00010129855218110606,0.14258678257465363,0.8123536705970764,0.04268881678581238,0.16372355818748474
886.0,827.0,3.3523,1.6355,8.8708,0.0593,0.0189,-0.0889,-1.5461777088097115,-0.17454411089420319,1.5250561237335205,-2.0083699226379395,0.11981620639562607,2.550473928451538,4.65179364263501,7.942789892467772e-08,0.33566713333129883,-1.6382883230792444,-0.0011180678848177195,0.03863268718123436,0.8054775595664978,9.663699893280864e-05,0.12297657877206802,0.8126612901687622,0.0391661673784256,0.17149892449378967
886.0,827.0,3.3523,1.6355,8.8708,0.0593,0.0189,-0.0889,-1.5471410409412165,-0.1809411346912384,1.508451223373413,-2.0076022148132324,0.12101243436336517,2.526270627975464,4.651837988490723,2.210904549715398e-11,0.3382576107978821,-1.6382964293109339,-0.0005098871770314872,0.04698089510202408,0.8054938316345215,0.00010560853115748614,0.12518781423568726,0.8127978444099426,0.03715876489877701,0.21488045156002045
874.0,808.0,2.8708,0.1645,8.8935,0.0026,0.0915,-0.0924,-1.5481722255102177,-0.1760730743408203,1.5148284435272217,-2.0068624019622803,0.13427068293094635,2.567187786102295,4.65179364263501,6.1541343954185906e-15,0.3367103934288025,-1.6382482687579554,-3.8977700000941695e-07,0.042409732937812805,0.8054501414299011,8.329352567670867e-05,0.14266693592071533,0.8129931688308716,0.03502091392874718,0.18785172700881958
874.0,808.0,2.8708,0.1645,8.8935,0.0026,0.0915,-0.0924,-1.5492036540857335,-0.17326197028160095,1.485084056854248,-2.0059826374053955,0.14663030207157135,2.5972275733947754,4.65179364263501,1.7130261149192349e-18,0.33190834522247314,-1.6382682959186,-1.0849586506989084e-10,0.03621050715446472,0.8054938316345215,0.0005897818482480943,0.1447666585445404,0.8132177591323853,0.03383458033204079,0.1418781727552414
874.0,808.0,2.8708,0.1645,8.8935,0.0026,0.0915,-0.0924,-1.5502624691328784,-0.17029134929180145,1.5670640468597412,-2.0050389766693115,0.16122817993164062,2.605639696121216,4.65179364263501,4.768271130003599e-22,0.34164175391197205,-1.6382721106158655,-3.020022450975386e-14,0.023478208109736443,0.8055097460746765,0.000812095997389406,0.1463841050863266,0.8133857250213623,0.03184768557548523,0.14898750185966492
874.0,808.0,2.8708,0.1645,8.8935,0.0026,0.0915,-0.0924,-1.5517658845386286,-0.1763831377029419,1.590778112411499,-2.0037004947662354,0.17654894292354584,2.6253106594085693,4.651761217708252,8.666100037411445e-27,0.3526189625263214,-1.6383283774005335,-5.488741961947013e-19,0.018464243039488792,0.8055656552314758,0.001161706168204546,0.15112465620040894,0.8137462139129639,0.035639937967061996,0.1720239818096161
874.0,808.0,2.8708,0.1645,8.8935,0.0026,0.0915,-0.0924,-1.5527758219144125,-0.18370845913887024,1.5284481048583984,-2.0025484561920166,0.17770880460739136,2.6359245777130127,4.651773138637207,2.4122407970399344e-30,0.3299133777618408,-1.6382444540606897,-1.5278112751662868e-22,0.028020795434713364,0.8054501414299011,0.0010620576795190573,0.1621982753276825,0.8138741254806519,0.037030499428510666,0.19157546758651733
874.0,808.0,2.8708,0.1645,8.8935,0.0026,0.0915,-0.0924,-1.553878865470626,-0.19342422485351562,1.5347588062286377,-2.0014607906341553,0.1799945831298828,2.585468292236328,4.651809855098389,-9.880666766548529e-05,0.3314467966556549,-1.6382764021502894,-4.2527189414649467e-26,0.01777658984065056,0.805442214012146,0.0008972948417067528,0.162522554397583,0.8141946792602539,0.037310585379600525,0.18228664994239807
874.0,808.0,2.8708,0.1645,8.8935,0.0026,0.0915,-0.0924,-1.5551063281348725,-0.20457954704761505,1.5225173234939575,-2.0003621578216553,0.18758320808410645,2.5987203121185303,4.651781721706055,-4.2807034333236516e-05,0.3277302086353302,-1.6382926146136683,-1.1837600509390776e-29,0.034245382994413376,0.8054382801055908,0.0007576710777357221,0.13085447251796722,0.8143144249916077,0.03519808128476143,0.1856672763824463
874.0,808.0,2.8708,0.1645,8.8935,0.0026,0.0915,-0.0924,-1.556285348986723,-0.20502936840057373,1.4512068033218384,-1.9991583824157715,0.1985795646905899,2.6163971424102783,4.651833696956299,-5.612706809188239e-05,0.3300325274467468,-1.6382525602923792,-3.295039969733462e-33,0.016143832355737686,0.8054938316345215,0.0005280249170027673,0.14553500711917877,0.8145188689231873,0.031104659661650658,0.22554856538772583
874.0,808.0,2.8708,0.1645,8.8935,0.0026,0.0915,-0.0924,-1.5574479105747123,-0.1957809180021286,1.5257344245910645,-1.99787175655365,0.21003730595111847,2.6262292861938477,4.6518212991901855,-1.5623175642076603e-08,0.3305368423461914,-1.638223950062887,-9.17186480447644e-37,0.032395921647548676,0.8054656982421875,0.0005061604897491634,0.15396687388420105,0.8146949410438538,0.02782084234058857,0.18206465244293213
874.0,808.0,2.8708,0.1645,8.8935,0.0026,0.0915,-0.0924,-1.5587232227301975,-0.19263485074043274,1.5183122158050537,-1.9965442419052124,0.21656671166419983,2.6490981578826904,4.651841803187988,-4.348767873585402e-12,0.3361470699310303,-1.6382525602923792,-2.5530256721533842e-40,0.028618015348911285,0.8054501414299011,0.0004335836274549365,0.15506970882415771,0.814850926399231,0.026830673217773438,0.1508253812789917
874.0,808.0,2.8708,0.1645,8.8935,0.0026,0.0915,-0.0924,-1.5600142854130645,-0.20575222373008728,1.570162057876587,-1.9952366352081299,0.22295628488063812,2.622457981109619,4.65181748449292,-1.2104955260749495e-15,0.3293076157569885,-1.6382887999164026,-7.146622168056567e-44,0.04009037837386131,0.8054938316345215,0.0004106289707124233,0.15271404385566711,0.815035343170166,0.029870562255382538,0.19424042105674744
874.0,808.0,2.8708,0.1645,8.8935,0.0026,0.0915,-0.0924,-1.5613095576739688,-0.22288668155670166,1.50773024559021,-1.9938007593154907,0.2302495539188385,2.5918173789978027,4.651757403010986,-3.369458445182758e-19,0.32856112718582153,-1.638256851826803,-0.0,0.025541502982378006,0.8055418133735657,0.00035066597047261894,0.153569296002388,0.8152358531951904,0.031999506056308746,0.14663708209991455
874.0,808.0,2.8708,0.1645,8.8935,0.0026,0.0915,-0.0924,-1.5631117283231397,-0.22728292644023895,1.5328395366668701,-1.991938829421997,0.23644042015075684,2.5928115844726562,4.651773138637207,-6.1238250497434885e-24,0.32489442825317383,-1.638256851826803,-0.0,0.03457658737897873,0.8055537343025208,0.00025118276244029403,0.15352408587932587,0.8154153823852539,0.029980860650539398,0.2055758386850357
874.0,808.0,2.8708,0.1645,8.8935,0.0026,0.0915,-0.0924,-1.5644623951851209,-0.2215428650379181,1.5871539115905762,-1.9904108047485352,0.248029425740242,2.629209041595459,4.6518212991901855,-1.704588978854633e-27,0.3313431739807129,-1.638235870991842,-0.0,0.04349547252058983,0.8054779767990112,0.00021502701565623283,0.15950025618076324,0.8156154751777649,0.02555832825601101,0.09422403573989868
874.0,808.0,2.8708,0.1645,8.8935,0.0026,0.0915,-0.0924,-1.5658293145573516,-0.22699236869812012,1.5642393827438354,-1.988940715789795,0.2630902826786041,2.679658889770508,4.651841803187988,-4.744786556557396e-31,0.3182395398616791,-1.638256851826803,-0.0,0.03955665975809097,0.8054937720298767,0.00018806174921337515,0.15626150369644165,0.8157196044921875,0.021362964063882828,0.10029469430446625
894.0,777.0,2.8989,0.3523,10.0283,-0.0287,0.0878,-0.1216,-1.5671877812458952,-0.23572853207588196,1.4701353311538696,-1.9873201847076416,0.2727999687194824,2.6167726516723633,4.651749296779297,-1.320728973753785e-34,0.314789354801178,-1.638223950062887,-0.0,0.053541917353868484,0.8054898977279663,0.00020022678654640913,0.13973373174667358,0.8158716559410095,0.017899619415402412,0.08813508599996567
894.0,777.0,2.8989,0.3523,10.0283,-0.0287,0.0878,-0.1216,-1.5686103566880156,-0.23481550812721252,1.5601832866668701,-1.985669732093811,0.2780900001525879,2.65255069732666,4.65178553640332,-3.676297833105679e-38,0.3069600462913513,-1.6382606665240687,0.0002423204277874902,0.04248807579278946,0.8055336475372314,0.00018042496230918914,0.14960795640945435,0.8159676790237427,0.013976521790027618,0.06335514783859253
894.0,777.0,2.8989,0.3523,10.0283,-0.0287,0.0878,-0.1216,-1.570053666979522,-0.2402072548866272,1.5228080749511719,-1.9840553998947144,0.2864513695240021,2.6528656482696533,4.651781721706055,-0.0006659394130110741,0.3106878101825714,-1.6382525602923792,0.00020896141359116882,0.05102336034178734,0.8055616021156311,0.0001913085434352979,0.15360529720783234,0.8160237073898315,0.010425087995827198,0.06023070961236954
894.0,777.0,2.8989,0.3523,10.0283,-0.0287,0.0878,-0.1216,-1.5714956722655238,-0.2534677982330322,1.4994897842407227,-1.9822797775268555,0.29175299406051636,2.656175374984741,4.651749773616455,-0.0006558325840160251,0.2998906672000885,-1.638228718434469,0.00018340568931307644,0.058340493589639664,0.8055018186569214,0.0002003327099373564,0.14497241377830505,0.8160557746887207,0.007381269242614508,0.09829837828874588
894.0,777.0,2.8989,0.3523,10.0283,-0.0287,0.0878,-0.1216,-1.5730110607542933,-0.26459401845932007,1.4934532642364502,-1.980525016784668,0.2949454188346863,2.594041347503662,4.651773615474365,-0.0005159941501915455,0.2952633500099182,-1.6382282415973108,0.00019608474394772202,0.04634663090109825,0.8055617213249207,0.0002169431681977585,0.1496119648218155,0.8160756826400757,0.00465252622961998,0.03121555782854557
894.0,777.0,2.8989,0.3523,10.0283,-0.0287,0.0878,-0.1216,-1.5745493374266566,-0.26342669129371643,1.479668140411377,-1.9787501096725464,0.31087857484817505,2.6291322708129883,4.651737375850342,-0.0003787352761719376,0.28948551416397095,-1.6382363478290003,0.0001768363144947216,0.05586157739162445,0.8055576682090759,0.00026975301443599164,0.15763795375823975,0.8161318302154541,0.0017158252885565162,0.028802840039134026
894.0,777.0,2.8989,0.3523,10.0283,-0.0287,0.0878,-0.1216,-1.5760685406126917,-0.2594563663005829,1.4918742179870605,-1.9769277572631836,0.3219635784626007,2.646047830581665,4.651801748866699,-0.0003603688965085894,0.2910442352294922,-1.6382606665240687,0.00018773040210362524,0.0681774765253067,0.8055096864700317,0.0008385736146010458,0.15841877460479736,0.8160837292671204,-0.00046190028660930693,0.09098561853170395
894.0,777.0,2.8989,0.3523,10.0283,-0.0287,0.0878,-0.1216,-1.5782305202879847,-0.2632611393928528,1.4713916778564453,-1.974273443222046,0.3327144682407379,2.6434688568115234,4.65178553640332,-0.0003005316248163581,0.30316972732543945,-1.6382325331317347,0.00016783286991994828,0.06129581481218338,0.8055417537689209,0.0021357235964387655,0.15865491330623627,0.8161119222640991,-0.0009117030422203243,0.03573065251111984
894.0,777.0,2.8989,0.3523,10.0283,-0.0287,0.0878,-0.1216,-1.5798412762083949,-0.2694225609302521,1.5280907154083252,-1.9722903966903687,0.34466591477394104,2.6652021408081055,4.65178553640332,-0.00024259256315417588,0.2951834499835968,-1.6382163206683558,0.00017760643095243722,0.054180532693862915,0.8055894374847412,0.00350364507175982,0.14378465712070465,0.8160757422447205,-0.0004725377366412431,0.00011266888759564608
894.0,777.0,2.8989,0.3523,10.0283,-0.0287,0.0878,-0.1216,-1.5815278492369593,-0.2837321162223816,1.5211411714553833,-1.9702203273773193,0.34017038345336914,2.6399288177490234,4.651713533992432,-0.0008203036268241704,0.2907448709011078,-1.6382163206683558,0.00016564222460146993,0.06946837902069092,0.8056572079658508,0.006235675420612097,0.1620694100856781,0.8160797953605652,-0.0003388524055480957,0.0017604837194085121
894.0,777.0,2.8989,0.3523,10.0283,-0.0287,0.0878,-0.1216,-1.583193918267721,-0.29337257146835327,1.4476715326309204,-1.9681026935577393,0.3435732126235962,2.656498432159424,4.651753588313721,-0.0007835080614313483,0.28845152258872986,-1.6382043997394007,0.00014928230666555464,0.06953801959753036,0.80572909116745,0.012425257824361324,0.18974128365516663,0.8160637617111206,-0.00026421897928230464,0.003739330917596817
894.0,777.0,2.8989,0.3523,10.0283,-0.0287,0.0878,-0.1216,-1.584905286828512,-0.29550662636756897,1.4864122867584229,-1.9659124612808228,0.3522644340991974,2.641998291015625,4.651777430171631,-0.0004961597151122987,0.27598100900650024,-1.6382363478290003,0.00013576913625001907,0.067619189620018,0.8057694435119629,0.014408416114747524,0.17546388506889343,0.816135823726654,-7.212669152067974e-05,0.06804485619068146
894.0,777.0,2.8989,0.3523,10.0283,-0.0287,0.0878,-0.1216,-1.586663385430807,-0.29790619015693665,1.4220352172851562,-1.9638192653656006,0.3578788936138153,2.694664478302002,4.6517698007771,-0.00029854397871531546,0.2810157835483551,-1.6382001082049769,0.00014917853695806116,0.06029868125915527,0.8059161901473999,0.01512144971638918,0.1787041425704956,0.8160637021064758,-0.00022530423302669078,0.01796358823776245
894.0,777.0,2.8989,0.3523,10.0283,-0.0287,0.0878,-0.1216,-1.588494440118307,-0.29549214243888855,1.5015771389007568,-1.9616413116455078,0.36717426776885986,2.680600643157959,4.651781721706055,-0.00019486654491629452,0.2980402708053589,-1.6382082144366663,0.00013794867845717818,0.060901179909706116,0.8060081601142883,0.014782398007810116,0.16855745017528534,0.8161118626594543,-0.0008120281854644418,0.0119563527405262
894.0,777.0,2.8989,0.3523,10.0283,-0.0287,0.0878,-0.1216,-1.5903212032713832,-0.28951436281204224,1.5514018535614014,-1.959351897239685,0.37564823031425476,2.6858248710632324,4.6517698007771,6.114398274803534e-05,0.2903634011745453,-1.6382406393634241,0.00012812866771128029,0.06632357090711594,0.8060439229011536,0.013859269209206104,0.188785582780838,0.8160757422447205,-0.0008531425264663994,-0.005620516836643219
897.0,821.0,2.9324,1.4489,8.6357,-0.015,0.1297,-0.0796,-1.5921794376769007,-0.30222392082214355,1.5589957237243652,-1.9570941925048828,0.3866243362426758,2.7210941314697266,4.651781721706055,5.3543706599157304e-05,0.30127447843551636,-1.6382244269000452,0.00011961390555370599,0.06026877835392952,0.8061358332633972,0.012335962615907192,0.18978795409202576,0.8160797357559204,-0.0005436163628473878,-0.026914505288004875
897.0,821.0,2.9324,1.4489,8.6357,-0.015,0.1297,-0.0796,-1.5940619907774867,-0.3103775978088379,1.524458408355713,-1.9548364877700806,0.3920459449291229,2.715414047241211,4.6517979341694335,1.4904088629918988e-08,0.3016148805618286,-1.6381962935077112,0.00011216034181416035,0.0595431849360466,0.8062072396278381,0.011151481419801712,0.19587799906730652,0.8161159157752991,-0.00011655577691271901,-0.006016885861754417
897.0,821.0,2.9324,1.4489,8.6357,-0.015,0.1297,-0.0796,-1.596692224542135,-0.3184828758239746,1.594310998916626,-1.9517322778701782,0.39743009209632874,2.66922664642334,4.651721163386963,2.7087446868856446e-13,0.28293436765670776,-1.6382525602923792,0.00011855409684358165,0.06830941140651703,0.8062230944633484,0.011441213078796864,0.19724228978157043,0.8160278797149658,-0.0002754637971520424,0.01827126555144787
897.0,821.0,2.9324,1.4489,8.6357,-0.015,0.1297,-0.0796,-1.5986110172667445,-0.3324330747127533,1.5130442380905151,-1.949347972869873,0.3945433497428894,2.6791322231292725,4.651741667384766,7.539891573252736e-17,0.28922462463378906,-1.6382363478290003,0.00011424258991610259,0.06833962351083755,0.8063828945159912,0.012566660530865192,0.20065069198608398,0.8160958290100098,-0.0007750420481897891,0.011074557900428772
897.0,821.0,2.9324,1.4489,8.6357,-0.015,0.1297,-0.0796,-1.6005813084044398,-0.32749781012535095,1.5385448932647705,-1.9469128847122192,0.4089554250240326,2.667574167251587,4.651765509242676,-0.00014513933274429291,0.2947542667388916,-1.6381924788104456,0.00010834878048626706,0.05967035889625549,0.806446373462677,0.01772787980735302,0.19843657314777374,0.8160717487335205,-0.001049367361702025,0.025174392387270927
897.0,821.0,2.9324,1.4489,8.6357,-0.015,0.1297,-0.0796,-1.6025482616820277,-0.33100929856300354,1.5518014430999756,-1.9444763660430908,0.4126966595649719,2.637206554412842,4.651701136226318,-0.00024725901312194765,0.2753496766090393,-1.6382043997394007,0.00010303284943802282,0.06449142098426819,0.8065105676651001,0.024804582819342613,0.19097867608070374,0.8160237669944763,-0.000894926255568862,-0.04798528552055359
897.0,821.0,2.9324,1.4489,8.6357,-0.015,0.1297,-0.0796,-1.6045261822142542,-0.33671072125434875,1.5224697589874268,-1.9419900178909302,0.41610658168792725,2.710623264312744,4.651733561153076,-0.00025669520255178213,0.27771618962287903,-1.6381562391864222,9.821404819376767e-05,0.07477018237113953,0.8067731261253357,0.037928223609924316,0.20675677061080933,0.8160477876663208,-0.0009329962194897234,-0.02725725620985031
897.0,821.0,2.9324,1.4489,8.6357,-0.015,0.1297,-0.0796,-1.6065284214415492,-0.3364037275314331,1.5764052867889404,-1.9394617080688477,0.4115586578845978,2.651357412338257,4.651713533992432,-0.0003531463153194636,0.27932974696159363,-1.6381481329547327,9.382598364027217e-05,0.0720142275094986,0.8070759773254395,0.06084200367331505,0.2253139317035675,0.8159756660461426,-0.0011533036595210433,0.02901691570878029
897.0,821.0,2.9324,1.4489,8.6357,-0.015,0.1297,-0.0796,-1.6085182629027308,-0.34393030405044556,1.5290443897247314,-1.9368404150009155,0.41305553913116455,2.666640281677246,4.651713057155273,-0.0002773696614895016,0.268897145986557,-1.6381562391864222,8.981320570455864e-05,0.077229805290699,0.8076217174530029,0.10438399016857147,0.24195265769958496,0.8160077929496765,-0.0012076058192178607,-0.049717977643013
897.0,821.0,2.9324,1.4489,8.6357,-0.015,0.1297,-0.0796,-1.610638280908102,-0.345761775970459,1.5780316591262817,-1.9343918561935425,0.42059746384620667,2.681365966796875,4.651789827937744,-0.00019879192404914647,0.25982677936553955,-1.6382206122027796,9.843019506661221e-05,0.07965012639760971,0.8084945678710938,0.1722816675901413,0.26307904720306396,0.8159877061843872,-0.0008593356469646096,-0.04186712205410004
897.0,821.0,2.9324,1.4489,8.6357,-0.015,0.1297,-0.0796,-1.612676282922262,-0.3532209098339081,1.5213459730148315,-1.9318386316299438,0.42271268367767334,2.67111873626709,4.651745958919189,-0.00020401064830366522,0.26771748065948486,-1.6382206122027796,9.455569670535624e-05,0.059229955077171326,0.8097622394561768,0.22455325722694397,0.2860671281814575,0.8160077929496765,-0.0005463911802507937,0.003073287196457386
897.0,821.0,2.9324,1.4489,8.6357,-0.015,0.1297,-0.0796,-1.6147543392577113,-0.3534797430038452,1.581761360168457,-1.9293291568756104,0.4207320213317871,2.654672145843506,4.651689215297363,-0.0002389483415754512,0.26665055751800537,-1.6382406393634241,9.097158908843994e-05,0.05795474350452423,0.8112286329269409,0.2548443377017975,0.27313050627708435,0.8160238265991211,-0.0006124106585048139,-0.0129522904753685
897.0,821.0,2.9324,1.4489,8.6357,-0.015,0.1297,-0.0796,-1.617584844628805,-0.3576873540878296,1.5235953330993652,-1.9259006977081299,0.4277515709400177,2.6653075218200684,4.651729269618652,4.034065568703227e-05,0.27639907598495483,-1.6382043997394007,8.659510785946622e-05,0.057881541550159454,0.8135281205177307,0.29848045110702515,0.30622032284736633,0.8159837126731873,-0.0006540610338561237,-0.009388914331793785
897.0,821.0,2.9324,1.4489,8.6357,-0.015,0.1297,-0.0796,-1.619734903375143,-0.3581443130970001,1.5879385471343994,-1.9233559370040894,0.4331219792366028,2.6834754943847656,4.6517578798481445,5.738487743656151e-05,0.2630139887332916,-1.6382086912738245,7.581718091387302e-05,0.07226164638996124,0.8155649304389954,0.35119175910949707,0.3374645709991455,0.8159716725349426,-0.0007274202653206885,0.01836257427930832
857.0,797.0,3.396,0.8835,9.0503,-0.069,0.0929,0.5327,-1.6219545803465785,-0.3568194508552551,1.5985112190246582,-1.9207262992858887,0.44022345542907715,2.693653106689453,4.651737375850342,2.430536005704198e-05,0.2762691080570221,-1.6382163206683558,7.067175465635955e-05,0.05991566181182861,0.817801296710968,0.3945065438747406,0.3286536931991577,0.8159716129302979,-0.0006745536811649799,-0.03811269998550415
857.0,797.0,3.396,0.8835,9.0503,-0.069,0.0929,0.5327,-1.6241117916502894,-0.36686277389526367,1.5761404037475586,-1.9181448221206665,0.4348772168159485,2.651766777038574,4.651777907008789,6.765486393334186e-09,0.26881441473960876,-1.638216797505514,5.877574835722044e-07,0.041943714022636414,0.8204043507575989,0.431958943605423,0.34123703837394714,0.8159957528114319,-0.0006069487426429987,-0.011769218370318413
857.0,797.0,3.396,0.8835,9.0503,-0.069,0.0929,0.5327,-1.6264416180052699,-0.367190420627594,1.6150530576705933,-1.9155360460281372,0.4430586099624634,2.666567325592041,4.651773615474365,1.8831982414452275e-12,0.2561613917350769,-1.6381562391864222,1.636044633102074e-10,0.07182592153549194,0.823188304901123,0.48670846223831177,0.36439692974090576,0.8159515857696533,-0.0006117660668678582,-0.025599487125873566
857.0,797.0,3.396,0.8835,9.0503,-0.069,0.0929,0.5327,-1.628643652001852,-0.3757554590702057,1.5730959177017212,-1.9128793478012085,0.4457171559333801,2.6399435997009277,4.651797457332275,5.241951273751515e-16,0.26825150847435,-1.6382001082049769,4.5539909869366305e-14,0.05485029146075249,0.826306164264679,0.5328484773635864,0.37291181087493896,0.8158795237541199,-0.0009482603054493666,0.02023511938750744
857.0,797.0,3.396,0.8835,9.0503,-0.069,0.0929,0.5327,-1.6309582195677699,-0.3811987042427063,1.5971325635910034,-1.910218596458435,0.4522179663181305,2.6943187713623047,4.651713533992432,1.459116485999365e-19,0.26536449790000916,-1.6381600538836878,1.2676201261782165e-17,0.054217755794525146,0.8295050859451294,0.5646963715553284,0.3616800904273987,0.815963625907898,-0.002414642833173275,-0.02097334712743759
857.0,797.0,3.396,0.8835,9.0503,-0.069,0.0929,0.5327,-1.6331969700255335,-0.38235360383987427,1.5981767177581787,-1.9075205326080322,0.44183284044265747,2.6567182540893555,4.651741667384766,4.0615049597050206e-23,0.2619190216064453,-1.638228718434469,3.528467342022084e-21,0.05186833441257477,0.8329948782920837,0.6072761416435242,0.35694068670272827,0.8159557580947876,-0.00496483501046896,-0.1315164417028427
857.0,797.0,3.396,0.8835,9.0503,-0.069,0.0929,0.5327,-1.6355110607542933,-0.39226895570755005,1.564335823059082,-1.9047926664352417,0.4415840804576874,2.635211944580078,4.6517578798481445,1.1305348981253026e-26,0.2709639072418213,-1.6381762663470667,9.821618037145581e-25,0.059955209493637085,0.8367288708686829,0.6365604996681213,0.36156368255615234,0.8158718347549438,-0.006350592244416475,-0.046360231935977936
857.0,797.0,3.396,0.8835,9.0503,-0.069,0.0929,0.5327,-1.6378170452513636,-0.3909086585044861,1.602386474609375,-1.90211021900177,0.44362178444862366,2.5860464572906494,4.651741667384766,3.1468850816145803e-30,0.2639921307563782,-1.6381805578814905,5.354952736524865e-05,0.06999713182449341,0.8406060338020325,0.6594998240470886,0.33335113525390625,0.8157795071601868,-0.007459720596671104,-0.09580953419208527
857.0,797.0,3.396,0.8835,9.0503,-0.069,0.0929,0.5327,-1.640895505944723,-0.38735654950141907,1.6057772636413574,-1.8984862565994263,0.4520494341850281,2.670767307281494,4.651781244868896,5.719308070853337e-35,0.26570940017700195,-1.6381729284869593,5.17913831572514e-05,0.06233712658286095,0.8459962606430054,0.6846493482589722,0.31719279289245605,0.8157475590705872,-0.011042130179703236,-0.1446138173341751
857.0,797.0,3.396,0.8835,9.0503,-0.069,0.0929,0.5327,-1.6431447468199671,-0.38307371735572815,1.7113919258117676,-1.8957428932189941,0.45398736000061035,2.688857078552246,4.651749296779297,1.5919908027261454e-38,0.2541126012802124,-1.6381562391864222,5.990556383039802e-05,0.06583109498023987,0.8500970602035522,0.6956225633621216,0.3277864158153534,0.815667450428009,-0.012872700579464436,-0.18288317322731018
857.0,797.0,3.396,0.8835,9.0503,-0.069,0.0929,0.5327,-1.6453873119749964,-0.37963616847991943,1.6683497428894043,-1.8930119276046753,0.4580390155315399,2.6640567779541016,4.651741190547607,4.4309057441950716e-42,0.2677709460258484,-1.6381729284869593,1.2834095741709461e-07,0.06412056088447571,0.8544412851333618,0.7167603373527527,0.30502551794052124,0.8156154155731201,-0.012621724046766758,-0.17368409037590027
857.0,797.0,3.396,0.8835,9.0503,-0.069,0.0929,0.5327,-1.6477138004698695,-0.37736520171165466,1.714276671409607,-1.8902840614318848,0.46756917238235474,2.666459321975708,4.651777430171631,1.401298464324817e-45,0.2804701626300812,-1.6381447950946253,3.572417708874731e-11,0.06523510813713074,0.8587221503257751,0.7268811464309692,0.2864263653755188,0.8155313730239868,-0.012598100118339062,-0.15067638456821442
857.0,797.0,3.396,0.8835,9.0503,-0.069,0.0929,0.5327,-1.6499916515746058,-0.3810979723930359,1.697016954421997,-1.8875168561935425,0.46759000420570374,2.6966280937194824,4.651757403010986,0.0,0.2844517230987549,-1.6381967703448694,9.943957583627514e-15,0.07469122856855392,0.8630170226097107,0.7162789702415466,0.26143261790275574,0.8154272437095642,-0.013990737497806549,-0.16448035836219788
857.0,797.0,3.396,0.8835,9.0503,-0.069,0.0929,0.5327,-1.6522976360716761,-0.37768372893333435,1.7328786849975586,-1.8846977949142456,0.47591671347618103,2.7528276443481445,4.651806040401123,0.0,0.28093916177749634,-1.6381567160235804,2.7679376151190835e-18,0.07331060618162155,0.8673692941665649,0.7307050228118896,0.26483863592147827,0.8153752088546753,-0.014635656028985977,-0.18362143635749817
857.0,797.0,3.396,0.8835,9.0503,-0.069,0.0929,0.5327,-1.6546031437315882,-0.38299739360809326,1.733912467956543,-1.8818819522857666,0.4804745316505432,2.709596633911133,4.65178553640332,0.0002325010864296928,0.28577250242233276,-1.6381643454181116,7.704655776790206e-22,0.06849577277898788,0.8716956973075867,0.7270222306251526,0.2805960476398468,0.8152591586112976,-0.015532810240983963,-0.18349140882492065
826.0,755.0,3.786,-0.2249,9.0915,-0.0544,0.2324,0.4514,-1.6569935284056605,-0.3781015872955322,1.7796030044555664,-1.878910779953003,0.4937725365161896,2.816333293914795,4.651813192958496,0.0009646100224927068,0.2947157621383667,-1.6381648222552698,2.144619443646802e-25,0.07432567328214645,0.8760285973548889,0.7133347988128662,0.20835405588150024,0.8151230812072754,-0.016876986250281334,-0.27860093116760254
826.0,755.0,3.786,-0.2249,9.0915,-0.0544,0.2324,0.4514,-1.6592418156065882,-0.3769548535346985,1.8040271997451782,-1.8759756088256836,0.4954546093940735,2.8007731437683105,4.651789351100586,0.0007683763979002833,0.2925064265727997,-1.6381405035602015,5.969627501950367e-29,0.06537743657827377,0.8802673816680908,0.710453987121582,0.23014555871486664,0.8150991797447205,-0.01935844123363495,-0.21042680740356445
826.0,755.0,3.786,-0.2249,9.0915,-0.0544,0.2324,0.4514,-1.6623145542540492,-0.3767172694206238,1.8312633037567139,-1.8719050884246826,0.5008651614189148,2.805893898010254,4.651806040401123,0.00034181115915998816,0.2939472198486328,-1.63818866411318,1.0849504290822623e-33,0.06348704546689987,0.8859689831733704,0.7039850950241089,0.22805531322956085,0.8148748278617859,-0.02178548090159893,-0.20764243602752686
826.0,755.0,3.786,-0.2249,9.0915,-0.0544,0.2324,0.4514,-1.6645766697325648,-0.37451300024986267,1.862550139427185,-1.8688088655471802,0.5073882937431335,2.8787918090820312,4.651862307185791,0.0003293706977274269,0.29252225160598755,-1.6381810347186487,3.019999529183335e-37,0.07562000304460526,0.8901087045669556,0.681753933429718,0.1947702020406723,0.8147506713867188,-0.021006494760513306,-0.22367878258228302
826.0,755.0,3.786,-0.2249,9.0915,-0.0544,0.2324,0.4514,-1.666781564752096,-0.3804011940956116,1.8617234230041504,-1.8657490015029907,0.5127323865890503,2.8079066276550293,4.651765509242676,0.0002588935603853315,0.31110864877700806,-1.6381085554706019,8.406249357638145e-41,0.07239069789648056,0.8941525816917419,0.6765901446342468,0.21335001289844513,0.8146181106567383,-0.022313112393021584,-0.23953098058700562
826.0,755.0,3.786,-0.2249,9.0915,-0.0544,0.2324,0.4514,-1.6689993343748988,-0.3751692771911621,1.8425276279449463,-1.8626465797424316,0.5193164348602295,2.8172502517700195,4.651789351100586,0.0002129290223820135,0.2944725751876831,-1.6381529013263147,2.382207389352189e-44,0.06857046484947205,0.8980802297592163,0.6584894061088562,0.21606047451496124,0.8144945502281189,-0.02534107118844986,-0.19134138524532318
826.0,755.0,3.786,-0.2249,9.0915,-0.0544,0.2324,0.4514,-1.6712094746031703,-0.3711587190628052,1.8409522771835327,-1.859547734260559,0.5269253849983215,2.81583833694458,4.651785059566162,0.00011521159467520192,0.3006232678890228,-1.6381447950946253,0.0,0.06981682777404785,0.9020610451698303,0.6517465710639954,0.20588907599449158,0.8143059611320496,-0.028406020253896713,-0.21765190362930298
826.0,755.0,3.786,-0.2249,9.0915,-0.0544,0.2324,0.4514,-1.6733266315855921,-0.361640065908432,1.9392999410629272,-1.8563365936279297,0.5336938500404358,2.810551643371582,4.651806040401123,9.65920917224139e-05,0.30883198976516724,-1.6381967703448694,0.0,0.05988790839910507,0.9057685136795044,0.6310274004936218,0.21216584742069244,0.8141342997550964,-0.03220325708389282,-0.25676971673965454
826.0,755.0,3.786,-0.2249,9.0915,-0.0544,0.2324,0.4514,-1.6754480801024378,-0.35507145524024963,1.9305968284606934,-1.8531404733657837,0.5475090146064758,2.86677885055542,4.651833696956299,0.000113910689833574,0.30512815713882446,-1.6381405035602015,0.0,0.056341759860515594,0.909507691860199,0.6168290972709656,0.20457789301872253,0.8139176368713379,-0.03405420854687691,-0.27986863255500793
826.0,755.0,3.786,-0.2249,9.0915,-0.0544,0.2324,0.4514,-1.6775852642455042,-0.3515359163284302,1.9591267108917236,-1.8498698472976685,0.5525911450386047,2.8339109420776367,4.651813192958496,0.00017295342695433646,0.3243701457977295,-1.6381447950946253,0.0,0.05992986634373665,0.9131143093109131,0.6016256213188171,0.21763332188129425,0.8137900233268738,-0.03280605748295784,-0.23910382390022278
826.0,755.0,3.786,-0.2249,9.0915,-0.0544,0.2324,0.4514,-1.6797315082945765,-0.3533799946308136,1.9686543941497803,-1.8465265035629272,0.5582733750343323,2.834223747253418,4.65179364263501,0.00013246243179310113,0.32402610778808594,-1.6381529013263147,0.0,0.05554115027189255,0.9166505932807922,0.5833170413970947,0.18679621815681458,0.8135451674461365,-0.03270751237869263,-0.22302839159965515
826.0,755.0,3.786,-0.2249,9.0915,-0.0544,0.2324,0.4514,-1.681829114953512,-0.35464155673980713,1.9877058267593384,-1.8431800603866577,0.5580125451087952,2.8503806591033936,4.65178553640332,5.213642361923121e-05,0.3114277720451355,-1.6380837599383753,0.0,0.060447610914707184,0.9201031923294067,0.5724138021469116,0.19110256433486938,0.8133614659309387,-0.03104579634964466,-0.26038044691085815
826.0,755.0,3.786,-0.2249,9.0915,-0.0544,0.2324,0.4514,-1.6846376858153285,-0.3516618013381958,2.018430471420288,-1.8385721445083618,0.5655543804168701,2.861581325531006,4.651776953334473,0.00012115130812162533,0.31114697456359863,-1.6381409803973597,0.0,0.06319823861122131,0.9244963526725769,0.5332587361335754,0.1705654263496399,0.8130970597267151,-0.03297596797347069,-0.2369394302368164
826.0,755.0,3.786,-0.2249,9.0915,-0.0544,0.2324,0.4514,-1.6868001423277796,-0.3537883460521698,2.0066778659820557,-1.8351112604141235,0.5769131183624268,2.8635854721069336,4.651861830348633,0.00018499899306334555,0.3072236180305481,-1.6381648222552698,5.669624442816712e-05,0.06555057317018509,0.9277051091194153,0.5321212410926819,0.18286289274692535,0.8128726482391357,-0.0341382771730423,-0.20315897464752197
826.0,755.0,3.786,-0.2249,9.0915,-0.0544,0.2324,0.4514,-1.6889292202391566,-0.3398701846599579,2.0693166255950928,-1.8315646648406982,0.5887207984924316,2.8614792823791504,4.651845617885254,0.00019480286573525518,0.3083866238594055,-1.6381447950946253,0.00019406895444262773,0.06268662214279175,0.9307530522346497,0.5081021189689636,0.17435607314109802,0.8127011656761169,-0.03699716180562973,-0.2675705850124359
784.0,737.0,2.9904,-0.6508,8.6459,-0.0473,0.3613,0.2162,-1.6909948788084925,-0.33939096331596375,2.0465054512023926,-1.8280354738235474,0.5971908569335938,2.934849739074707,4.651813192958496,0.00013033274444751441,0.31736141443252563,-1.6381567160235804,0.00011841857485705987,0.05380869656801224,0.9338457584381104,0.5004749298095703,0.20725922286510468,0.8124482035636902,-0.03968944028019905,-0.2803153693675995
784.0,737.0,2.9904,-0.6508,8.6459,-0.0473,0.3613,0.2162,-1.6930886707701625,-0.3391731083393097,2.0658228397369385,-1.8245424032211304,0.5996942520141602,2.871199131011963,4.651757403010986,3.397409500394133e-06,0.32058224081993103,-1.6381729284869593,6.310929023811696e-08,0.060831718146800995,0.936758816242218,0.4842992424964905,0.16501960158348083,0.8122443556785583,-0.04160841554403305,-0.2626858353614807
784.0,737.0,2.9904,-0.6508,8.6459,-0.0473,0.3613,0.2162,-1.6951466999449671,-0.3375355899333954,2.0448503494262695,-1.8208609819412231,0.6051185727119446,2.832381248474121,4.651773138637207,9.45681422059863e-10,0.31242287158966064,-1.6381247679339808,1.7566699830884325e-11,0.05770965665578842,0.939539909362793,0.45889562368392944,0.1734110713005066,0.8120085597038269,-0.04288051649928093,-0.23969973623752594
784.0,737.0,2.9904,-0.6508,8.6459,-0.0473,0.3613,0.2162,-1.6971923313536585,-0.35031309723854065,2.0248231887817383,-1.8172508478164673,0.6131066679954529,2.877017021179199,4.651765509242676,2.6323390624367893e-13,0.30436766147613525,-1.6381366888629358,4.889754339008467e-15,0.06411673128604889,0.942284107208252,0.4475102126598358,0.159371018409729,0.8117682933807373,-0.04395594075322151,-0.2643488347530365
784.0,737.0,2.9904,-0.6508,8.6459,-0.0473,0.3613,0.2162,-1.6992541752257289,-0.3506721556186676,2.05537748336792,-1.8135414123535156,0.612999677658081,2.866342067718506,4.651737375850342,-0.00047348521184176207,0.30270880460739136,-1.6381967703448694,1.3610810302029292e-18,0.06362426280975342,0.9448774456977844,0.42217934131622314,0.1459299921989441,0.8114359378814697,-0.0464608371257782,-0.24275577068328857
784.0,737.0,2.9904,-0.6508,8.6459,-0.0473,0.3613,0.2162,-1.7013679943480433,-0.3470511734485626,2.058375120162964,-1.8098567724227905,0.6108646392822266,2.858642578125,4.6517249780842285,-0.0012291505699977279,0.3054356575012207,-1.6381285826312464,3.7886192292539645e-22,0.06546618789434433,0.9474090337753296,0.4224260449409485,0.1550130546092987,0.8111398220062256,-0.050297606736421585,-0.27847036719322205
784.0,737.0,2.9904,-0.6508,8.6459,-0.0473,0.3613,0.2162,-1.7033654652037562,-0.3415718376636505,2.018294095993042,-1.8060380220413208,0.6191079616546631,2.899463176727295,4.651817961330078,0.0008324428927153349,0.29986873269081116,-1.6381610075580042,1.0545760054145162e-25,0.07296537607908249,0.9498916864395142,0.40744271874427795,0.1506921947002411,0.8108876347541809,-0.05255020409822464,-0.31799253821372986
784.0,737.0,2.9904,-0.6508,8.6459,-0.0473,0.3613,0.2162,-1.7060424290099085,-0.33244067430496216,2.0630650520324707,-1.8011565208435059,0.6353341341018677,2.8806076049804688,4.651801748866699,0.0003837570548057556,0.2977850139141083,-1.6381247679339808,1.9166401535920094e-30,0.08768123388290405,0.9529879093170166,0.36568427085876465,0.13326647877693176,0.8104906678199768,-0.04853159189224243,-0.3064731955528259
784.0,737.0,2.9904,-0.6508,8.6459,-0.0473,0.3613,0.2162,-1.7080284557738246,-0.3288636803627014,2.0545966625213623,-1.7973538637161255,0.6392947435379028,2.856823444366455,4.6517698007771,1.7112533612362313e-07,0.2976740896701813,-1.6381128470050257,5.335038508392051e-34,0.08154602348804474,0.9551461338996887,0.36570659279823303,0.13547417521476746,0.8101910352706909,-0.04169411212205887,-0.3111308217048645
784.0,737.0,2.9904,-0.6508,8.6459,-0.0473,0.3613,0.2162,-1.7100063763060511,-0.32865527272224426,2.0621399879455566,-1.7934895753860474,0.6377042531967163,2.883915424346924,4.651781721706055,-0.0022887815721333027,0.3018629550933838,-1.6381447950946253,1.485027617022505e-37,0.08748724311590195,0.9572380781173706,0.3516507148742676,0.115378238260746,0.8099746704101562,-0.03611847013235092,-0.29654863476753235
784.0,737.0,2.9904,-0.6508,8.6459,-0.0473,0.3613,0.2162,-1.7120362720885218,-0.33555376529693604,2.052785873413086,-1.7896960973739624,0.6397953033447266,2.81406831741333,4.651725931758545,-0.0017557766987010837,0.29051387310028076,-1.6381405035602015,4.133690339911778e-41,0.08429040014743805,0.9591177701950073,0.3090052604675293,0.11070405691862106,0.8097585439682007,-0.031725578010082245,-0.22345611453056335
784.0,737.0,2.9904,-0.6508,8.6459,-0.0473,0.3613,0.2162,-1.7140590153136195,-0.3359147608280182,2.0792930126190186,-1.785799264907837,0.6484587788581848,2.852471351623535,4.6517698007771,-0.0005036655347794294,0.2813887298107147,-1.6381328741656702,1.1210387714598537e-44,0.09583617746829987,0.9610148668289185,0.3180631995201111,0.10634130984544754,0.8095377087593079,-0.027962401509284973,-0.2514769434928894
784.0,737.0,2.9904,-0.6508,8.6459,-0.0473,0.3613,0.2162,-1.7160612545409144,-0.34138020873069763,2.0275187492370605,-1.7819324731826782,0.6458914875984192,2.835110664367676,4.651693506831787,-0.0004560571105685085,0.2696778476238251,-1.638148609791891,0.0,0.10240311175584793,0.962843120098114,0.2866719961166382,0.10259292274713516,0.8094062805175781,-0.027462879195809364,-0.3093041777610779
784.0,737.0,2.9904,-0.6508,8.6459,-0.0473,0.3613,0.2162,-1.7181998691954554,-0.3481557369232178,2.020796775817871,-1.778042197227478,0.6411252021789551,2.795644521713257,4.651685877437256,-0.002989707514643669,0.24797993898391724,-1.6381328741656702,0.0,0.09709619730710983,0.9644652009010315,0.266691654920578,0.10010972619056702,0.8092465996742249,-0.026997573673725128,-0.31196194887161255
860.0,784.0,2.4168,-1.2808,8.1685,0.0641,0.3176,-0.0681,-1.7203065357603968,-0.3448239266872406,2.006423234939575,-1.7741283178329468,0.6447809934616089,2.811445713043213,4.651709719295166,-0.0015210469719022512,0.2634891867637634,-1.638137165700094,0.0,0.10222655534744263,0.965887188911438,0.21621666848659515,0.08225729316473007,0.8091423511505127,-0.025948526337742805,-0.3530734181404114
860.0,784.0,2.4168,-1.2808,8.1685,0.0641,0.3176,-0.0681,-1.7224613628783167,-0.3520200252532959,2.0330028533935547,-1.7702287435531616,0.6513099074363708,2.8535714149475098,4.651721163386963,-0.0004580284876283258,0.25736844539642334,-1.638092343007223,0.0001105558912968263,0.09797132015228271,0.9671660661697388,0.2183292657136917,0.08760093152523041,0.8089863657951355,-0.02407308667898178,-0.33904552459716797
860.0,784.0,2.4168,-1.2808,8.1685,0.0641,0.3176,-0.0681,-1.7245875797667445,-0.3519047200679779,1.9745845794677734,-1.7663921117782593,0.6571479439735413,2.8243470191955566,4.6516615587421875,-0.0003863421152345836,0.264585942029953,-1.638137165700094,0.00010310544894309714,0.09738853573799133,0.9684973359107971,0.21919037401676178,0.07713793963193893,0.8088462352752686,-0.01912005804479122,-0.304707795381546
860.0,784.0,2.4168,-1.2808,8.1685,0.0641,0.3176,-0.0681,-1.7273546657957972,-0.3526279628276825,2.0502126216888428,-1.7611743211746216,0.6520218253135681,2.8395705223083496,4.651653452510498,-0.003766298294067383,0.2589230537414551,-1.6381166617022913,0.00011333740258123726,0.08097323775291443,0.9700434803962708,0.18881173431873322,0.08059357106685638,0.8086620569229126,-0.0178365595638752,-0.2952132821083069
860.0,784.0,2.4168,-1.2808,8.1685,0.0641,0.3176,-0.0681,-1.7295376263060511,-0.3617461323738098,2.0487234592437744,-1.757312297821045,0.6478726267814636,2.839395523071289,4.651621504420898,-0.010539400391280651,0.24151840806007385,-1.6381085554706019,0.00010662481508916244,0.09805160760879517,0.9712105989456177,0.1770763248205185,0.07707488536834717,0.8085740208625793,-0.01571553759276867,-0.2903904914855957
860.0,784.0,2.4168,-1.2808,8.1685,0.0641,0.3176,-0.0681,-1.731636186639303,-0.3653166890144348,2.065669059753418,-1.7533942461013794,0.6566487550735474,2.823704719543457,4.6515490251728515,-0.011673346161842346,0.23311147093772888,-1.6381047407733362,0.00010066193499369547,0.1085188090801239,0.9721348285675049,0.13295510411262512,0.06538110971450806,0.8084738850593567,-0.013050436973571777,-0.2915380001068115
860.0,784.0,2.4168,-1.2808,8.1685,0.0641,0.3176,-0.0681,-1.7337867222227992,-0.36681318283081055,2.0239462852478027,-1.749516487121582,0.6507242321968079,2.856158971786499,4.651477499599121,-0.011191919445991516,0.2451566904783249,-1.6381810347186487,9.533061529509723e-05,0.0949997678399086,0.9726957082748413,0.09113974869251251,0.055349163711071014,0.8084256052970886,-0.0114090321585536,-0.3097928762435913
860.0,784.0,2.4168,-1.2808,8.1685,0.0641,0.3176,-0.0681,-1.7359091244139613,-0.3665192127227783,1.9770550727844238,-1.7455744743347168,0.6405274271965027,2.802393913269043,4.651421709651611,-0.009137371554970741,0.2288224697113037,-1.6381290594684046,9.053556277649477e-05,0.09493637084960938,0.9731980562210083,0.07862751930952072,0.05839119479060173,0.8083458542823792,-0.00966921728104353,-0.2688501477241516
860.0,784.0,2.4168,-1.2808,8.1685,0.0641,0.3176,-0.0681,-1.7381283245482386,-0.3697269558906555,2.0008866786956787,-1.7416393756866455,0.6403420567512512,2.716958999633789,4.65144602834668,-0.0027547143399715424,0.23782619833946228,-1.6381209532367151,8.619997970527038e-05,0.09223625063896179,0.9737160205841064,0.09594651311635971,0.060026779770851135,0.8083418011665344,-0.006123696453869343,-0.28189828991889954
860.0,784.0,2.4168,-1.2808,8.1685,0.0641,0.3176,-0.0681,-1.7403589687743128,-0.3668227195739746,2.04150390625,-1.737765908241272,0.6444246172904968,2.7578721046447754,4.651506109828613,0.0007663985597901046,0.22292958199977875,-1.6381610075580042,8.226051431847736e-05,0.09115918725728989,0.974385678768158,0.12457798421382904,0.07835665345191956,0.8083698749542236,-0.002264711307361722,-0.24477986991405487
860.0,784.0,2.4168,-1.2808,8.1685,0.0641,0.3176,-0.0681,-1.742594381371969,-0.37113431096076965,2.0983023643493652,-1.7340084314346313,0.6466889381408691,2.776442289352417,4.651441736812256,0.0004803284246008843,0.23234717547893524,-1.6381328741656702,7.866551459301263e-05,0.10536248981952667,0.9752668142318726,0.13478446006774902,0.08251933008432388,0.8083217144012451,-0.00040787982288748026,-0.2773210108280182
860.0,784.0,2.4168,-1.2808,8.1685,0.0641,0.3176,-0.0681,-1.744828840295309,-0.36648663878440857,2.0838441848754883,-1.7301915884017944,0.637594997882843,2.7469122409820557,4.6513892847248535,-0.0019100127974525094,0.21978172659873962,-1.638176743184225,7.537151395808905e-05,0.08609253168106079,0.9759467840194702,0.11268208920955658,0.09148206561803818,0.8083256483078003,-0.00034631011658348143,-0.1953531950712204
860.0,784.0,2.4168,-1.2808,8.1685,0.0641,0.3176,-0.0681,-1.7470551929869593,-0.3701954782009125,2.025911331176758,-1.726332187652588,0.6355622410774231,2.7377357482910156,4.651421709651611,-0.002019038423895836,0.22441372275352478,-1.6381610075580042,7.234234362840652e-05,0.10001940280199051,0.9767298698425293,0.10677848756313324,0.0861886516213417,0.8083217144012451,0.0001179988103103824,-0.259520024061203
860.0,784.0,2.4168,-1.2808,8.1685,0.0641,0.3176,-0.0681,-1.750178953210348,-0.3781311810016632,2.033790111541748,-1.7212029695510864,0.6415677070617676,2.748030662536621,4.651409788722656,-1.8555799670139095e-06,0.22533972561359406,-1.6381648222552698,6.86629573465325e-05,0.08632966130971909,0.977565348148346,0.12811830639839172,0.09685949981212616,0.8083297610282898,8.41834771563299e-05,-0.17996513843536377
860.0,784.0,2.4168,-1.2808,8.1685,0.0641,0.3176,-0.0681,-1.752510210076803,-0.3811204433441162,2.0782175064086914,-1.7174038887023926,0.6346907615661621,2.7361998558044434,4.651377840633057,-5.165075034341271e-10,0.2244691252708435,-1.638176743184225,6.613998993998393e-05,0.09782089293003082,0.978367030620575,0.11830099672079086,0.09668333828449249,0.8083137273788452,5.836477412479724e-10,-0.22364245355129242
822.0,806.0,2.5178,0.4343,7.8018,-0.0473,0.2228,0.0383,-1.75492586712026,-0.3938426673412323,2.0899877548217773,-1.7135459184646606,0.6234686970710754,2.747603416442871,4.65135304510083,-0.0048674787394702435,0.21767452359199524,-1.638148609791891,6.379589467542246e-05,0.09360618889331818,0.9789988994598389,0.09269895404577255,0.09561149030923843,0.8083057999610901,1.4094405896162903e-15,-0.2750762104988098
822.0,806.0,2.5178,0.4343,7.8018,-0.0473,0.2228,0.0383,-1.7573000393309535,-0.39104872941970825,2.037482976913452,-1.7098820209503174,0.6193636059761047,2.7109851837158203,4.651341601009033,-0.0022228609304875135,0.225877583026886,-1.6381166617022913,6.16122197243385e-05,0.07496895641088486,0.9794541001319885,0.06740693002939224,0.10900026559829712,0.8082578778266907,3.403632539773334e-21,-0.24348673224449158
822.0,806.0,2.5178,0.4343,7.8018,-0.0473,0.2228,0.0383,-1.7596270046629847,-0.4018568992614746,2.044532060623169,-1.706191062927246,0.620933473110199,2.68812894821167,4.6513377863117675,-0.0010084565728902817,0.21984617412090302,-1.6381529013263147,5.957310349913314e-05,0.08871205151081085,0.9798004031181335,0.05744798108935356,0.09434967488050461,0.8083057999610901,8.219372883091048e-27,-0.23528528213500977
822.0,806.0,2.5178,0.4343,7.8018,-0.0473,0.2228,0.0383,-1.76200594524526,-0.4007391333580017,2.085082769393921,-1.7025184631347656,0.6199793815612793,2.7105088233947754,4.651309176082275,-0.0007052429136820138,0.21547368168830872,-1.6381328741656702,1.6582392348141184e-08,0.09869664907455444,0.9802029728889465,0.06459162384271622,0.08777514845132828,0.8083138465881348,1.9848821615753244e-32,-0.2817286550998688
822.0,806.0,2.5178,0.4343,7.8018,-0.0473,0.2228,0.0383,-1.7643763027586878,-0.4004199206829071,2.0756921768188477,-1.698878526687622,0.6080213785171509,2.6752548217773438,4.6513377863117675,-0.004423065576702356,0.21274696290493011,-1.638148609791891,4.615770005794717e-12,0.0924300104379654,0.9806969165802002,0.09448331594467163,0.09458105266094208,0.8082858920097351,-0.0024449469055980444,-0.2628682255744934
822.0,806.0,2.5178,0.4343,7.8018,-0.0473,0.2228,0.0383,-1.7667433224120082,-0.39878392219543457,2.0729618072509766,-1.6952147483825684,0.6015450358390808,2.6420788764953613,4.651301546687744,-0.0038023237138986588,0.20886066555976868,-1.6381209532367151,1.2848165262076467e-15,0.07935188710689545,0.9814502596855164,0.13762380182743073,0.12429024279117584,0.8082497715950012,-0.002011297969147563,-0.26424455642700195
822.0,806.0,2.5178,0.4343,7.8018,-0.0473,0.2228,0.0383,-1.7690774403014125,-0.4004661738872528,2.05486798286438,-1.69161856174469,0.6095137000083923,2.6848959922790527,4.651313467616699,-0.0007164994603954256,0.2103503942489624,-1.6381290594684046,3.5763339899367976e-19,0.09231254458427429,0.9824273586273193,0.15651102364063263,0.12663233280181885,0.8082537651062012,-0.0012202901998534799,-0.2356715351343155
822.0,806.0,2.5178,0.4343,7.8018,-0.0473,0.2228,0.0383,-1.7722822628416957,-0.4050009846687317,2.0999534130096436,-1.6868064403533936,0.5931165814399719,2.688753843307495,4.651221438045166,-0.003964229021221399,0.20877954363822937,-1.6381209532367151,6.4998095678072115e-24,0.0827576220035553,0.9834981560707092,0.1392993927001953,0.13307857513427734,0.8082457184791565,-0.0006484207697212696,-0.260234534740448
822.0,806.0,2.5178,0.4343,7.8018,-0.0473,0.2228,0.0383,-1.7747084103026332,-0.4132506549358368,2.065463066101074,-1.6832270622253418,0.5758953094482422,2.6873059272766113,4.651261969203613,-0.0066062211990356445,0.19864782691001892,-1.6381571928607386,1.8092459379625797e-27,0.08449605107307434,0.9843786358833313,0.15534476935863495,0.12820419669151306,0.808262050151825,-0.0006784493452869356,-0.2786930203437805
822.0,806.0,2.5178,0.4343,7.8018,-0.0473,0.2228,0.0383,-1.7771803341307582,-0.4119158387184143,2.086655616760254,-1.6797304153442383,0.5764656662940979,2.603795051574707,4.6512495714375,-0.0014054774073883891,0.1921633780002594,-1.6381004492389124,5.036103208951059e-31,0.07203968614339828,0.9853267073631287,0.15091656148433685,0.14976468682289124,0.8082337379455566,-0.0006954059936106205,-0.28460776805877686
822.0,806.0,2.5178,0.4343,7.8018,-0.0473,0.2228,0.0383,-1.7796937427916468,-0.41708773374557495,2.07670521736145,-1.6762546300888062,0.5802035927772522,2.666196823120117,4.651237173671387,0.0021654271986335516,0.19939443469047546,-1.638092343007223,1.4018178801513682e-34,0.0918208509683609,0.9861236810684204,0.12547332048416138,0.1338740736246109,0.808197557926178,-0.0009384414297528565,-0.25830215215682983
822.0,806.0,2.5178,0.4343,7.8018,-0.0473,0.2228,0.0383,-1.7822290859618128,-0.40766802430152893,2.143587112426758,-1.6728429794311523,0.5815308094024658,2.7068591117858887,4.651277704829834,0.000675262650474906,0.19811348617076874,-1.6381290594684046,3.9020119832467987e-38,0.0865464061498642,0.9868170619010925,0.11411680281162262,0.1247183084487915,0.8081497550010681,-0.0029957033693790436,-0.2363387495279312
822.0,806.0,2.5178,0.4343,7.8018,-0.0473,0.2228,0.0383,-1.7847682438292445,-0.4095735549926758,2.1389269828796387,-1.6693826913833618,0.5736932158470154,2.7051029205322266,4.651245279903076,3.150852535327431e-06,0.21127131581306458,-1.6381447950946253,1.0861464396981657e-41,0.07251467555761337,0.9875338673591614,0.13843946158885956,0.1417141854763031,0.8082095980644226,-0.003229847876355052,-0.2380060851573944
822.0,806.0,2.5178,0.4343,7.8018,-0.0473,0.2228,0.0383,-1.787215372125143,-0.4116969108581543,2.1286873817443848,-1.6658867597579956,0.570339024066925,2.675698757171631,4.651266260738037,8.770513204581221e-10,0.21368131041526794,-1.6381128470050257,2.802596928649634e-45,0.08250607550144196,0.9885303974151611,0.18419958651065826,0.15802980959415436,0.8082135915756226,-0.002248436911031604,-0.23099277913570404
822.0,806.0,2.5178,0.4343,7.8018,-0.0473,0.2228,0.0383,-1.7897426090636195,-0.41963011026382446,2.1509950160980225,-1.6625221967697144,0.5689136981964111,2.6526546478271484,4.651265307063721,2.4413048080491884e-13,0.21414746344089508,-1.6381004492389124,0.0,0.0892600417137146,0.9896495938301086,0.19069966673851013,0.17011496424674988,0.8081737756729126,-0.0014613608364015818,-0.28979942202568054
686.0,797.0,2.3318,1.0576,8.2271,-0.0217,0.1463,0.0646,-1.792267461816305,-0.4312288761138916,2.1782116889953613,-1.6591789722442627,0.5631318688392639,2.667449951171875,4.651257677669189,-0.0003753317869268358,0.1994112730026245,-1.638137165700094,0.0,0.09035438299179077,0.9908453226089478,0.19475966691970825,0.1398753821849823,0.808161735534668,-0.0009702460956759751,-0.22683273255825043
686.0,797.0,2.3318,1.0576,8.2271,-0.0217,0.1463,0.0646,-1.7948867283263148,-0.43542420864105225,2.0783209800720215,-1.6557954549789429,0.5476517081260681,2.696754217147827,4.651233835811279,-0.002704164246097207,0.211335688829422,-1.6381610075580042,0.0,0.08196146786212921,0.9920451045036316,0.20475459098815918,0.1603805124759674,0.808113694190979,-0.00173023936804384,-0.2330608069896698
686.0,797.0,2.3318,1.0576,8.2271,-0.0217,0.1463,0.0646,-1.7982870541014613,-0.43414685130119324,2.1911449432373047,-1.6513570547103882,0.5381610989570618,2.6514482498168945,4.651245279903076,-3.821865175268613e-05,0.2098422646522522,-1.638125244771139,0.0,0.07115834951400757,0.9935305118560791,0.17221811413764954,0.14319363236427307,0.8081904649734497,-0.004254305735230446,-0.2551908493041992
686.0,797.0,2.3318,1.0576,8.2271,-0.0217,0.1463,0.0646,-1.800791402856344,-0.42832669615745544,2.131122589111328,-1.648048996925354,0.5419899821281433,2.702770709991455,4.6512815195271,0.0033337485510855913,0.2254772186279297,-1.6381409803973597,0.0,0.08021621406078339,0.9945783019065857,0.18791496753692627,0.15017428994178772,0.8080456256866455,-0.005020355340093374,-0.27068912982940674
686.0,797.0,2.3318,1.0576,8.2271,-0.0217,0.1463,0.0646,-1.8033191166319789,-0.4156864583492279,2.1783671379089355,-1.6448744535446167,0.5398809313774109,2.676414966583252,4.651322527522705,0.00017164158634841442,0.2116827517747879,-1.6380961577044886,0.0,0.06971289217472076,0.9958420395851135,0.21679536998271942,0.16174963116645813,0.8081095814704895,-0.005577541887760162,-0.29568421840667725
686.0,797.0,2.3318,1.0576,8.2271,-0.0217,0.1463,0.0646,-1.8058825931944789,-0.4142596125602722,2.1804890632629395,-1.6416659355163574,0.5362560153007507,2.6559224128723145,4.651261969203613,4.777705697733836e-08,0.20772410929203033,-1.6380961577044886,0.0,0.07169003784656525,0.9970769882202148,0.20270851254463196,0.14795680344104767,0.8080055117607117,-0.005062746349722147,-0.30137765407562256
686.0,797.0,2.3318,1.0576,8.2271,-0.0217,0.1463,0.0646,-1.808338304559225,-0.4093380570411682,2.2406466007232666,-1.6384832859039307,0.5274655222892761,2.6635828018188477,4.651285811061523,1.3298918390136638e-11,0.2027595043182373,-1.6381328741656702,0.0,0.08088146150112152,0.9982911348342896,0.2184855192899704,0.17027924954891205,0.8080334663391113,-0.004509605001658201,-0.2192009687423706
686.0,797.0,2.3318,1.0576,8.2271,-0.0217,0.1463,0.0646,-1.8109547100462855,-0.420870304107666,2.194125175476074,-1.635263442993164,0.5287044048309326,2.6836934089660645,4.651270075435303,3.701803335978519e-15,0.20511724054813385,-1.6381610075580042,0.0,0.07155217230319977,0.9995339512825012,0.20143172144889832,0.15625914931297302,0.8079774379730225,-0.004991565831005573,-0.2695658206939697
686.0,797.0,2.3318,1.0576,8.2271,-0.0217,0.1463,0.0646,-1.8134972057738246,-0.41829296946525574,2.2417373657226562,-1.6321935653686523,0.5239549279212952,2.6281893253326416,4.6512815195271,1.0304105138536045e-18,0.19840407371520996,-1.6381085554706019,0.0,0.08346745371818542,1.000677466392517,0.1833653599023819,0.12866918742656708,0.8078566193580627,-0.0076466770842671394,-0.2913987338542938
686.0,797.0,2.3318,1.0576,8.2271,-0.0217,0.1463,0.0646,-1.8160611591734828,-0.42213326692581177,2.1937856674194336,-1.6290290355682373,0.5272346138954163,2.7148237228393555,4.651302023524902,2.868185665155206e-22,0.2009076625108719,-1.6380961577044886,0.0,0.07509423792362213,1.0018690824508667,0.2130180150270462,0.14874520897865295,0.8078449368476868,-0.010177078656852245,-0.28874045610427856
686.0,797.0,2.3318,1.0576,8.2271,-0.0217,0.1463,0.0646,-1.8185206852354945,-0.4164133369922638,2.2771835327148438,-1.6259338855743408,0.5168735980987549,2.612942934036255,4.65127341329541,-0.00010538112110225484,0.2051330804824829,-1.6381290594684046,0.0,0.0709424763917923,1.0033237934112549,0.22238147258758545,0.14996609091758728,0.8077613115310669,-0.013535162433981895,-0.3077831566333771
686.0,797.0,2.3318,1.0576,8.2271,-0.0217,0.1463,0.0646,-1.8210765324034632,-0.4159328043460846,2.2833704948425293,-1.6226897239685059,0.5116546750068665,2.6157474517822266,4.651350184077881,-4.520589209278114e-05,0.2034963071346283,-1.6381247679339808,0.0,0.06340585649013519,1.0045338869094849,0.2128104716539383,0.14017178118228912,0.8077053427696228,-0.015908503904938698,-0.2749823331832886
686.0,797.0,2.3318,1.0576,8.2271,-0.0217,0.1463,0.0646,-1.8244296512999476,-0.4215319752693176,2.2260544300079346,-1.618695616722107,0.5089945793151855,2.665574550628662,4.651302023524902,-3.133753256889804e-09,0.20778045058250427,-1.6381452719317835,0.0,0.06994690001010895,1.0062514543533325,0.20309866964817047,0.14466261863708496,0.8075972199440002,-0.0167381651699543,-0.26138412952423096
686.0,797.0,2.3318,1.0576,8.2271,-0.0217,0.1463,0.0646,-1.8269010982909144,-0.4249696731567383,2.2967264652252197,-1.6156357526779175,0.5014066100120544,2.665626049041748,4.6512815195271,-8.722916594768038e-13,0.22053459286689758,-1.638092343007223,0.0,0.07281556725502014,1.0073785781860352,0.17488552629947662,0.10964734852313995,0.8074730634689331,-0.018027039244771004,-0.28697752952575684
686.0,797.0,2.3318,1.0576,8.2271,-0.0217,0.1463,0.0646,-1.8294016323485316,-0.41961905360221863,2.3092198371887207,-1.6126437187194824,0.4980885684490204,2.6674535274505615,4.651277704829834,-2.428055412809118e-16,0.21985797584056854,-1.6380885283099573,0.0,0.07121893018484116,1.0084619522094727,0.19355347752571106,0.12583529949188232,0.8073410391807556,-0.021046865731477737,-0.2699282467365265
399.0,702.0,2.6231,0.4678,9.009,-0.0134,0.1196,-0.014,-1.8317796192564906,-0.4117855131626129,2.3159027099609375,-1.6096652746200562,0.5018625259399414,2.658541679382324,4.6513258653828125,-6.758582592441082e-20,0.21434399485588074,-1.6381328741656702,0.0,0.06540456414222717,1.009765386581421,0.21938930451869965,0.1497890055179596,0.8072209358215332,-0.025471556931734085,-0.27114221453666687
399.0,702.0,2.6231,0.4678,9.009,-0.0134,0.1196,-0.014,-1.8342186413206996,-0.4020192325115204,2.3577096462249756,-1.606762170791626,0.4996405839920044,2.685375690460205,4.651322050685547,-1.881275960087612e-23,0.2179299145936966,-1.638125244771139,0.0,0.057164840400218964,1.0110598802566528,0.20316088199615479,0.13557302951812744,0.8070366978645325,-0.029632898047566414,-0.32269299030303955
399.0,702.0,2.6231,0.4678,9.009,-0.0134,0.1196,-0.014,-1.8365708790221156,-0.4013980031013489,2.282614231109619,-1.6037547588348389,0.4991002678871155,2.6433119773864746,4.651302023524902,-5.236601207672961e-27,0.21185949444770813,-1.638125244771139,0.0,0.06833122670650482,1.0123268365859985,0.21368709206581116,0.12285050004720688,0.8068966865539551,-0.034058697521686554,-0.33261996507644653
399.0,702.0,2.6231,0.4678,9.009,-0.0134,0.1196,-0.014,-1.8389979801573695,-0.3957047462463379,2.3981635570526123,-1.6008392572402954,0.49684032797813416,2.725522041320801,4.6513096529194335,0.00013869634130969644,0.23071163892745972,-1.6381166617022913,0.0,0.043102264404296875,1.0135504007339478,0.1873178780078888,0.10764330625534058,0.806652307510376,-0.037902653217315674,-0.33873823285102844
399.0,702.0,2.6231,0.4678,9.009,-0.0134,0.1196,-0.014,-1.8414722881712855,-0.40075305104255676,2.402374267578125,-1.5978357791900635,0.5007551312446594,2.6754698753356934,4.6513258653828125,0.00030672934371978045,0.22113656997680664,-1.6380842367755335,0.0,0.05997731536626816,1.014509677886963,0.15601368248462677,0.1005479097366333,0.8064643740653992,-0.04288071021437645,-0.3026025593280792
399.0,702.0,2.6231,0.4678,9.009,-0.0134,0.1196,-0.014,-1.8438950977721156,-0.39988791942596436,2.377387762069702,-1.594884991645813,0.4985635578632355,2.7407174110412598,4.6513096529194335,0.00025468209059908986,0.23570507764816284,-1.6381085554706019,0.0,0.0704219788312912,1.0154743194580078,0.1711067408323288,0.11054667830467224,0.8061027526855469,-0.0487249493598938,-0.3008801341056824
399.0,702.0,2.6231,0.4678,9.009,-0.0134,0.1196,-0.014,-1.8463851414122523,-0.39999306201934814,2.4142866134643555,-1.5918211936950684,0.49648812413215637,2.6711385250091553,4.6512695985981445,0.00021770466992165893,0.2256179302930832,-1.6381328741656702,0.0,0.058854058384895325,1.0165177583694458,0.19050125777721405,0.11246693134307861,0.8058840036392212,-0.05440792813897133,-0.3329499363899231
399.0,702.0,2.6231,0.4678,9.009,-0.0134,0.1196,-0.014,-1.8496071300902308,-0.39642319083213806,2.447277784347534,-1.5877728462219238,0.4991910457611084,2.712949275970459,4.651345892543457,0.0003853899543173611,0.225624680519104,-1.6381290594684046,0.0,0.06638997793197632,1.0178961753845215,0.16343951225280762,0.10163165628910065,0.8054270148277283,-0.05715397000312805,-0.34647250175476074
399.0,702.0,2.6231,0.4678,9.009,-0.0134,0.1196,-0.014,-1.8519417248167933,-0.39183005690574646,2.447720766067505,-1.5848114490509033,0.5015332698822021,2.781619071960449,4.651321573848389,0.0018007230246439576,0.22781887650489807,-1.638125244771139,0.0,0.05106154829263687,1.0188403129577637,0.1677192896604538,0.09894390404224396,0.8050633072853088,-0.056163862347602844,-0.37732571363449097
399.0,702.0,2.6231,0.4678,9.009,-0.0134,0.1196,-0.014,-1.8543559513487757,-0.39396825432777405,2.474047899246216,-1.5817921161651611,0.4997212886810303,2.733072280883789,4.651289625758789,0.00011088897008448839,0.2382732629776001,-1.638137165700094,0.0,0.05898986756801605,1.0198529958724976,0.14920471608638763,0.09860719740390778,0.8047630786895752,-0.055614400655031204,-0.3564913868904114
399.0,702.0,2.6231,0.4678,9.009,-0.0134,0.1196,-0.014,-1.8566748104491175,-0.3904514014720917,2.5008890628814697,-1.5788373947143555,0.5000923275947571,2.813992500305176,4.651333494777344,3.0866356581782384e-08,0.23400256037712097,-1.638104263936178,0.0,0.05743023753166199,1.0205570459365845,0.10730577260255814,0.07470385730266571,0.8043868541717529,-0.05303865671157837,-0.3694572150707245
399.0,702.0,2.6231,0.4678,9.009,-0.0134,0.1196,-0.014,-1.858981271783346,-0.3903777003288269,2.5197906494140625,-1.5758910179138184,0.4975931942462921,2.7234606742858887,4.651317282313965,8.59176445267007e-12,0.23062190413475037,-1.6381166617022913,0.0,0.06768832355737686,1.0210829973220825,0.07543566077947617,0.05384921655058861,0.8040185570716858,-0.05330906808376312,-0.3280107378959656
399.0,702.0,2.6231,0.4678,9.009,-0.0134,0.1196,-0.014,-1.8612801037230433,-0.3852413296699524,2.500993013381958,-1.57284677028656,0.5015413165092468,2.7403945922851562,4.65130536138501,2.3915492456945235e-15,0.23673337697982788,-1.6381209532367151,0.0,0.07583045959472656,1.0214732885360718,0.06476128101348877,0.0504358634352684,0.8037222623825073,-0.053036369383335114,-0.3165639042854309
399.0,702.0,2.6231,0.4678,9.009,-0.0134,0.1196,-0.014,-1.8635508022704066,-0.37911367416381836,2.558411121368408,-1.5698615312576294,0.5002343654632568,2.7317886352539062,4.6513096529194335,8.272648847196251e-05,0.23075145483016968,-1.6380966345416468,0.0,0.05353250354528427,1.021855354309082,0.07442603260278702,0.05935194343328476,0.8033940196037292,-0.05160658806562424,-0.3124050498008728
245.0,382.0,3.1412,0.8237,10.2317,0.0279,0.1584,-0.1985,-1.8657485447325648,-0.37224647402763367,2.4960622787475586,-1.566890835762024,0.5059395432472229,2.753211498260498,4.651313467616699,5.901956319576129e-05,0.21686753630638123,-1.638125244771139,0.0,0.06830175220966339,1.022417426109314,0.09889333695173264,0.057042524218559265,0.8030858039855957,-0.048367176204919815,-0.33617037534713745
245.0,382.0,3.1412,0.8237,10.2317,0.0279,0.1584,-0.1985,-1.8679596386351527,-0.3706793189048767,2.518794059753418,-1.5637918710708618,0.49918222427368164,2.7329154014587402,4.651252909297607,1.6428311155891606e-08,0.23176495730876923,-1.6381290594684046,0.0,0.06999266147613525,1.0230672359466553,0.11153292655944824,0.051400840282440186,0.8028455376625061,-0.04486275836825371,-0.34902578592300415
245.0,382.0,3.1412,0.8237,10.2317,0.0279,0.1584,-0.1985,-1.8702260456480921,-0.36572858691215515,2.5708398818969727,-1.5607775449752808,0.4939965605735779,2.7133829593658447,4.6513258653828125,4.5728807025746665e-12,0.22704052925109863,-1.6381128470050257,0.0,0.07529371976852417,1.023736596107483,0.09711837023496628,0.07423201948404312,0.8025932908058167,-0.04334390163421631,-0.32520395517349243
245.0,382.0,3.1412,0.8237,10.2317,0.0279,0.1584,-0.1985,-1.8732129536070765,-0.37227118015289307,2.5118520259857178,-1.5567649602890015,0.49683600664138794,2.702951192855835,4.6513096529194335,8.310984046318748e-17,0.22238042950630188,-1.6381128470050257,0.0,0.05460748448967934,1.0241656303405762,0.04385049641132355,0.042595528066158295,0.8022252321243286,-0.04287370666861534,-0.357383668422699
245.0,382.0,3.1412,0.8237,10.2317,0.0279,0.1584,-0.1985,-1.8754388294615687,-0.3629201352596283,2.541499137878418,-1.5537378787994385,0.4982435703277588,2.7309303283691406,4.65130536138501,2.3133931443506718e-20,0.21842142939567566,-1.6381209532367151,0.0,0.06765890121459961,1.0243289470672607,0.010745945386588573,0.006829313468188047,0.8019408583641052,-0.04418044164776802,-0.30507397651672363
245.0,382.0,3.1412,0.8237,10.2317,0.0279,0.1584,-0.1985,-1.8776494465269984,-0.3595324158668518,2.613290786743164,-1.5507794618606567,0.4979252517223358,2.6981091499328613,4.6513377863117675,6.4394147713339435e-24,0.2125200629234314,-1.6380885283099573,0.0,0.06209389492869377,1.024324893951416,-0.00939237978309393,0.03636464476585388,0.8017207384109497,-0.04908081144094467,-0.3004611134529114
245.0,382.0,3.1412,0.8237,10.2317,0.0279,0.1584,-0.1985,-1.8798443279662074,-0.35652682185173035,2.6309707164764404,-1.5477286577224731,0.502951443195343,2.765061855316162,4.651313467616699,1.7924348806640124e-27,0.23020777106285095,-1.6381452719317835,0.0,0.05457974597811699,1.024232268333435,-0.0135378148406744,0.019359756261110306,0.8014205098152161,-0.05389142408967018,-0.3833443820476532
245.0,382.0,3.1412,0.8237,10.2317,0.0279,0.1584,-0.1985,-1.8820554218687953,-0.3498973250389099,2.600494384765625,-1.5448054075241089,0.5019460320472717,2.7998456954956055,4.651321573848389,4.989308189438045e-31,0.22144469618797302,-1.638137165700094,0.0,0.06810130178928375,1.024157166481018,-0.014476119540631771,0.020977139472961426,0.8011201024055481,-0.0553276501595974,-0.32113778591156006
245.0,382.0,3.1412,0.8237,10.2317,0.0279,0.1584,-0.1985,-1.8840934238829554,-0.3560103476047516,2.6365318298339844,-1.5418720245361328,0.5042215585708618,2.7594265937805176,4.651265307063721,1.3887922777594293e-34,0.23567476868629456,-1.638137165700094,0.0,0.071351058781147,1.0242184400558472,-0.012048359960317612,0.017085714265704155,0.8008558750152588,-0.05635957792401314,-0.3190804719924927
245.0,382.0,3.1412,0.8237,10.2317,0.0279,0.1584,-0.1985,-1.8862201176085414,-0.3575522303581238,2.612764358520508,-1.5388487577438354,0.4954911172389984,2.7110085487365723,4.6512495714375,3.8657547867808584e-38,0.2242925465106964,-1.638137165700094,0.0,0.07059814780950546,1.0241262912750244,-0.007706036791205406,0.0180046446621418,0.8004316687583923,-0.056557003408670425,-0.3541482090950012
245.0,382.0,3.1412,0.8237,10.2317,0.0279,0.1584,-0.1985,-1.888282915154928,-0.356955349445343,2.6172406673431396,-1.535897135734558,0.497274786233902,2.720881938934326,4.65127341329541,-0.0003357329114805907,0.23159080743789673,-1.6381366888629358,9.159455203189282e-07,0.05672362446784973,1.024061679840088,-0.0028080325573682785,0.016918374225497246,0.8000833988189697,-0.05749758332967758,-0.3382219076156616
245.0,382.0,3.1412,0.8237,10.2317,0.0279,0.1584,-0.1985,-1.8903776607909144,-0.3501133620738983,2.696096420288086,-1.5330164432525635,0.4946657717227936,2.750433921813965,4.651329680080078,-0.00032810019911266863,0.2320982813835144,-1.638120476399557,2.5495680566756107e-10,0.06599849462509155,1.0241222381591797,-0.0008484036661684513,0.02377495914697647,0.7997391223907471,-0.05856131389737129,-0.3319988250732422
245.0,382.0,3.1412,0.8237,10.2317,0.0279,0.1584,-0.1985,-1.8930469952025355,-0.3387468159198761,2.661236047744751,-1.5289463996887207,0.4925692081451416,2.707523822784424,4.651265307063721,1.5451798390131444e-05,0.22635634243488312,-1.6381524244891565,4.6337136432289105e-15,0.06884193420410156,1.024025559425354,-0.0002184806071454659,0.0522063709795475,0.7992548942565918,-0.058762408792972565,-0.34732651710510254
245.0,382.0,3.1412,0.8237,10.2317,0.0279,0.1584,-0.1985,-1.8951064548888148,-0.3336336612701416,2.661316394805908,-1.5259846448898315,0.4926895797252655,2.725257396697998,4.651333494777344,4.301064837619606e-09,0.2282031774520874,-1.6381405035602015,1.2898112520229369e-18,0.07345952093601227,1.0240817070007324,-0.00016008660895749927,0.04987253248691559,0.7989627122879028,-0.05693622678518295,-0.30757009983062744
245.0,382.0,3.1412,0.8237,10.2317,0.0279,0.1584,-0.1985,-1.8970653019347132,-0.32942190766334534,2.7091431617736816,-1.5229698419570923,0.49098315834999084,2.69411301612854,4.651313944453857,1.1972172385410484e-12,0.24134686589241028,-1.6382048765765589,3.590236993679964e-22,0.06278350204229355,1.0240652561187744,-0.00012634610175155103,0.04939322918653488,0.7986742258071899,-0.051750294864177704,-0.3503001630306244
169.0,240.0,2.4814,-0.2758,9.4612,0.0133,0.1608,-0.1446,-1.8990966282286585,-0.3339236378669739,2.6929173469543457,-1.5200884342193604,0.485554039478302,2.712862491607666,4.651293440456055,3.332497870948151e-16,0.2116367220878601,-1.638176743184225,9.993558036788036e-26,0.07949547469615936,1.024061679840088,-0.00010435774311190471,0.04415043443441391,0.798358142375946,-0.043489597737789154,-0.3315580487251282
169.0,240.0,2.4814,-0.2758,9.4612,0.0133,0.1608,-0.1446,-1.9010383091368617,-0.3274327516555786,2.762474536895752,-1.5171772241592407,0.48464667797088623,2.7450790405273438,4.65127341329541,9.276129404966096e-20,0.22205762565135956,-1.6381648222552698,2.781743697638993e-29,0.0714704766869545,1.0240693092346191,-4.600887041306123e-05,0.05547577887773514,0.798109769821167,-0.037718795239925385,-0.33229202032089233
169.0,240.0,2.4814,-0.2758,9.4612,0.0133,0.1608,-0.1446,-1.903053422967428,-0.33025074005126953,2.6710636615753174,-1.5143755674362183,0.48127755522727966,2.6747236251831055,4.651345892543457,2.5820450835669556e-23,0.2134220004081726,-1.6381085554706019,7.743086348674013e-33,0.07123729586601257,1.0241339206695557,-3.8709786167601123e-05,0.05496000498533249,0.7978417873382568,-0.033366333693265915,-0.3163061738014221
169.0,240.0,2.4814,-0.2758,9.4612,0.0133,0.1608,-0.1446,-1.905027528802389,-0.3297302722930908,2.6650888919830322,-1.5114004611968994,0.48524320125579834,2.7210276126861572,4.651277704829834,7.187216951715375e-27,0.20320822298526764,-1.6381247679339808,2.155316316656852e-36,0.05026264488697052,1.0241062641143799,-3.4284570574527606e-05,0.06722904741764069,0.7976254820823669,-0.030628550797700882,-0.3334866762161255
169.0,240.0,2.4814,-0.2758,9.4612,0.0133,0.1608,-0.1446,-1.9070140324034632,-0.3189455568790436,2.7164931297302246,-1.5085504055023193,0.48175346851348877,2.724465847015381,4.651349707240723,2.000588129675757e-30,0.20680588483810425,-1.6381209532367151,5.999407141283126e-40,0.0542309544980526,1.0240979194641113,-3.076779830735177e-05,0.06661637127399445,0.7974773049354553,-0.027984147891402245,-0.33380836248397827
169.0,240.0,2.4814,-0.2758,9.4612,0.0133,0.1608,-0.1446,-1.9090286693968714,-0.3230201303958893,2.6772165298461914,-1.5056673288345337,0.4885212481021881,2.7513866424560547,4.65127341329541,5.568710714123694e-34,0.20217324793338776,-1.6381648222552698,1.6675451725465323e-43,0.06826382875442505,1.024009108543396,-6.464218671453636e-08,0.0711064413189888,0.7973333597183228,-0.02386804111301899,-0.3189195990562439
169.0,240.0,2.4814,-0.2758,9.4612,0.0133,0.1608,-0.1446,-1.9110156498351039,-0.32358136773109436,2.6566195487976074,-1.5028215646743774,0.4827191233634949,2.680051326751709,4.651310129756592,1.5500710712697457e-37,0.2164696455001831,-1.6381447950946253,0.0,0.06177103519439697,1.024045705795288,-1.7993391498993816e-11,0.0737617015838623,0.7971971035003662,-0.01951161026954651,-0.2870009243488312
169.0,240.0,2.4814,-0.2758,9.4612,0.0133,0.1608,-0.1446,-1.9136415920653285,-0.32183578610420227,2.745234966278076,-1.4989320039749146,0.4721353054046631,2.661848545074463,4.651261969203613,2.8166099132928823e-42,0.20546579360961914,-1.6381290594684046,0.0,0.07878684252500534,1.0240693092346191,-3.27020971498503e-16,0.06660448014736176,0.7970850467681885,-0.01518656499683857,-0.2902024984359741
169.0,240.0,2.4814,-0.2758,9.4612,0.0133,0.1608,-0.1446,-1.9156037769713343,-0.3303869962692261,2.681816577911377,-1.4960368871688843,0.463387668132782,2.6335997581481934,4.6512977319904785,1.401298464324817e-45,0.19956666231155396,-1.6381610075580042,0.0,0.05771908164024353,1.0240895748138428,-9.102749117400714e-20,0.07156290858983994,0.7970209717750549,-0.011426068842411041,-0.301761269569397
169.0,240.0,2.4814,-0.2758,9.4612,0.0133,0.1608,-0.1446,-1.917478700677389,-0.32789644598960876,2.6694631576538086,-1.4933316707611084,0.459734171628952,2.598507881164551,4.651261015529297,0.0,0.180402010679245,-1.63818866411318,0.0,0.06823891401290894,1.024073600769043,-2.5337838355629824e-23,0.057490065693855286,0.7969290018081665,-0.008549612946808338,-0.31050965189933777
169.0,240.0,2.4814,-0.2758,9.4612,0.0133,0.1608,-0.1446,-1.9194089374937953,-0.32191795110702515,2.682103157043457,-1.4905246496200562,0.4548514485359192,2.703728675842285,4.651310129756592,0.0,0.19740831851959229,-1.638148609791891,0.0,0.06918886303901672,1.0240776538848877,-7.052881026978432e-27,0.05810461938381195,0.7968849539756775,-0.008267597295343876,-0.33213019371032715
169.0,240.0,2.4814,-0.2758,9.4612,0.0133,0.1608,-0.1446,-1.9212800465025843,-0.3135564625263214,2.77557373046875,-1.4877903461456299,0.44767332077026367,2.605073928833008,4.65127341329541,0.0,0.1974041759967804,-1.6381004492389124,0.0,0.07012838125228882,1.0241585969924927,-1.963195372257456e-30,0.05183212086558342,0.7968009114265442,-0.008989313617348671,-0.30548790097236633
169.0,240.0,2.4814,-0.2758,9.4612,0.0133,0.1608,-0.1446,-1.9230982265868128,-0.302485853433609,2.744384288787842,-1.4851239919662476,0.4511573612689972,2.6215968132019043,4.65127341329541,-6.996838055783883e-05,0.1989286243915558,-1.6381285826312464,0.0,0.07009389996528625,1.0240576267242432,-5.46462665866563e-34,0.06740166246891022,0.7968047857284546,-0.00831987988203764,-0.36184191703796387
169.0,240.0,2.4814,-0.2758,9.4612,0.0133,0.1608,-0.1446,-1.9249206982054652,-0.2965709865093231,2.768193483352661,-1.4824856519699097,0.4458636939525604,2.6358940601348877,4.651253862971924,-0.00012114227138226852,0.2006172239780426,-1.6381366888629358,0.0,0.0561353825032711,1.0240578651428223,-1.5210989452601372e-37,0.04841705411672592,0.7966969013214111,-0.006988507229834795,-0.27068477869033813
169.0,240.0,2.4814,-0.2758,9.4612,0.0133,0.1608,-0.1446,-1.9266401729979457,-0.2938581109046936,2.7774863243103027,-1.4798674583435059,0.4415869414806366,2.6175031661987305,4.651313944453857,-0.0002795800974126905,0.1910666823387146,-1.6381247679339808,0.0,0.060710757970809937,1.0240936279296875,-4.234023309957435e-41,0.05263002961874008,0.7966688275337219,-0.005983886308968067,-0.3187323808670044
132.0,170.0,2.3617,0.4271,9.533,-0.006,0.1197,-0.1475,-1.928462644616598,-0.30036136507987976,2.782543659210205,-1.4772566556930542,0.42600008845329285,2.568521022796631,4.651229544276855,-0.001872930908575654,0.18958641588687897,-1.6381285826312464,0.0,0.06832264363765717,1.0240978002548218,-1.1210387714598537e-44,0.051361192017793655,0.7966368794441223,-0.005916813854128122,-0.3404044508934021
132.0,170.0,2.3617,0.4271,9.533,-0.006,0.1197,-0.1475,-1.9302450619139613,-0.3048575520515442,2.792229652404785,-1.474694013595581,0.42556214332580566,2.6064109802246094,4.6512495714375,-0.0006219033384695649,0.20474128425121307,-1.638137165700094,0.0,0.0705062747001648,1.02400541305542,-0.0,0.03536950424313545,0.7966086864471436,-0.006435769144445658,-0.30689921975135803
132.0,170.0,2.3617,0.4271,9.533,-0.006,0.1197,-0.1475,-1.932596345941061,-0.29510006308555603,2.7424964904785156,-1.4713438749313354,0.41622477769851685,2.5554466247558594,4.6512815195271,-0.00031765890889801085,0.20801390707492828,-1.638104263936178,0.0,0.07600041478872299,1.0240776538848877,-0.0,0.03345414623618126,0.7965605854988098,-0.009442574344575405,-0.31687867641448975
132.0,170.0,2.3617,0.4271,9.533,-0.006,0.1197,-0.1475,-1.934366842309469,-0.2951330244541168,2.8032708168029785,-1.4688044786453247,0.4119020104408264,2.522869110107422,4.6512815195271,-0.00023469328880310059,0.19696688652038574,-1.6381085554706019,0.0,0.05349753424525261,1.0240492820739746,-0.0,0.032693080604076385,0.7964845895767212,-0.013462803326547146,-0.3358283042907715
132.0,170.0,2.3617,0.4271,9.533,-0.006,0.1197,-0.1475,-1.936169286767477,-0.29180410504341125,2.757901191711426,-1.4663097858428955,0.403260737657547,2.5696582794189453,4.651285811061523,5.6184082495747134e-05,0.18894892930984497,-1.6381409803973597,0.0,0.06278436630964279,1.0240213871002197,-0.0,0.052077628672122955,0.7964085936546326,-0.01714531145989895,-0.32556334137916565
132.0,170.0,2.3617,0.4271,9.533,-0.006,0.1197,-0.1475,-1.9379478893675746,-0.2830319404602051,2.8517098426818848,-1.4639478921890259,0.4050365090370178,2.518040657043457,4.651349707240723,0.0002871996839530766,0.2000572681427002,-1.6381452719317835,0.0,0.06215817481279373,1.0240497589111328,-0.0,0.03691263124346733,0.7963045239448547,-0.019229449331760406,-0.35438722372055054
132.0,170.0,2.3617,0.4271,9.533,-0.006,0.1197,-0.1475,-1.9397112331786097,-0.28866615891456604,2.8080148696899414,-1.4615126848220825,0.39999648928642273,2.529693126678467,4.651277704829834,0.0006169475964270532,0.19004599750041962,-1.6381328741656702,0.0,0.06656832247972488,1.024073839187622,-0.0,0.041270945221185684,0.7961602210998535,-0.02182975597679615,-0.29613763093948364
132.0,170.0,2.3617,0.4271,9.533,-0.006,0.1197,-0.1475,-1.9414903126158656,-0.2980705201625824,2.861522674560547,-1.4591375589370728,0.3910737633705139,2.516587495803833,4.651269121760986,-0.0005936453235335648,0.1936967968940735,-1.6381571928607386,0.0,0.05811106041073799,1.0240497589111328,-0.0,0.032272614538669586,0.7960403561592102,-0.026441045105457306,-0.33199596405029297
132.0,170.0,2.3617,0.4271,9.533,-0.006,0.1197,-0.1475,-1.9432765446104945,-0.29457002878189087,2.840454578399658,-1.4567744731903076,0.3840014636516571,2.459800958633423,4.651261015529297,-0.00019658569362945855,0.20730280876159668,-1.6380961577044886,0.0,0.0652175322175026,1.0240657329559326,-0.0,0.042052529752254486,0.7958801984786987,-0.03142036125063896,-0.3610246479511261
132.0,170.0,2.3617,0.4271,9.533,-0.006,0.1197,-0.1475,-1.945019384423727,-0.2935068607330322,2.8311667442321777,-1.4544756412506104,0.3879663944244385,2.555363416671753,4.6512815195271,-5.4720352693493624e-08,0.19920459389686584,-1.6380961577044886,0.0,0.06983575224876404,1.0240657329559326,-0.0,0.02883339114487171,0.7956400513648987,-0.03539931774139404,-0.3426974415779114
132.0,170.0,2.3617,0.4271,9.533,-0.006,0.1197,-0.1475,-1.946749826470846,-0.2940216064453125,2.8394904136657715,-1.4521846771240234,0.3802851438522339,2.4898626804351807,4.651302023524902,-1.5231609376553656e-11,0.20491620898246765,-1.6381128470050257,0.0,0.05033060163259506,1.0241059064865112,-0.0,0.027743201702833176,0.795403778553009,-0.039210245013237,-0.3813532888889313
132.0,170.0,2.3617,0.4271,9.533,-0.006,0.1197,-0.1475,-1.9484812221922816,-0.2877146899700165,2.869811534881592,-1.4498976469039917,0.37652164697647095,2.575221061706543,4.651261969203613,-4.239774713086933e-15,0.19699037075042725,-1.6380961577044886,0.0,0.05795897915959358,1.0240857601165771,-0.0,0.04760823771357536,0.7951915860176086,-0.042273204773664474,-0.3207876682281494
132.0,170.0,2.3617,0.4271,9.533,-0.006,0.1197,-0.1475,-1.9507228336729945,-0.2847140431404114,2.9013895988464355,-1.4468868970870972,0.36632269620895386,2.5372116565704346,4.651310129756592,-7.705581609192123e-20,0.20667687058448792,-1.6381328741656702,0.0,0.06930486857891083,1.0240451097488403,-0.0,0.04848725348711014,0.7949074506759644,-0.043931640684604645,-0.37159264087677
132.0,170.0,2.3617,0.4271,9.533,-0.006,0.1197,-0.1475,-1.9523974857726039,-0.28097987174987793,2.9053008556365967,-1.4447203874588013,0.3697075843811035,2.519683599472046,4.6512977319904785,0.0001188025125884451,0.19735392928123474,-1.6381085554706019,0.0,0.06309948861598969,1.024073839187622,-0.0,0.042529813945293427,0.7945911884307861,-0.04520523548126221,-0.3890439569950104
108.0,153.0,2.1434,-0.2046,8.8403,-0.0406,0.1158,-0.1991,-1.9540845356383265,-0.27841252088546753,2.9538815021514893,-1.442577838897705,0.3712499141693115,2.568080425262451,4.6512815195271,0.00022200944658834487,0.2106391191482544,-1.6381610075580042,0.0,0.05842960998415947,1.0241262912750244,-0.0,0.02640681341290474,0.7943229079246521,-0.04605692997574806,-0.3530959188938141
108.0,153.0,2.1434,-0.2046,8.8403,-0.0406,0.1158,-0.1991,-1.9556876621642054,-0.27224549651145935,2.948521614074707,-1.4403783082962036,0.35934019088745117,2.534578323364258,4.651257677669189,6.179714517884349e-08,0.21267324686050415,-1.6381128470050257,0.0,0.06000412628054619,1.0240776538848877,-0.0,0.04325849562883377,0.793974757194519,-0.050127122551202774,-0.34816184639930725
108.0,153.0,2.1434,-0.2046,8.8403,-0.0406,0.1158,-0.1991,-1.9573308430113734,-0.270830899477005,2.9718356132507324,-1.4382637739181519,0.35609737038612366,2.5437514781951904,4.651293440456055,1.7201464211358264e-11,0.22086888551712036,-1.6380961577044886,0.0,0.06323021650314331,1.0241422653198242,-0.0,0.032120946794748306,0.7936945557594299,-0.054941438138484955,-0.34619927406311035
108.0,153.0,2.1434,-0.2046,8.8403,-0.0406,0.1158,-0.1991,-1.9589253864684046,-0.2685832381248474,2.982821464538574,-1.436072826385498,0.35005319118499756,2.524204969406128,4.651233358974121,4.78809048006369e-15,0.21197539567947388,-1.638137165700094,0.0,0.06375092267990112,1.0240976810455322,-0.0,0.04502455145120621,0.7933462262153625,-0.05765624716877937,-0.3822219967842102
108.0,153.0,2.1434,-0.2046,8.8403,-0.0406,0.1158,-0.1991,-1.9605280361571253,-0.26988422870635986,2.950317144393921,-1.433977484703064,0.3466912806034088,2.5451979637145996,4.651310129756592,0.00016816794231999665,0.21837447583675385,-1.6381209532367151,0.0,0.06940151751041412,1.0240176916122437,-0.0,0.03878955543041229,0.793013870716095,-0.05841539800167084,-0.36278146505355835
108.0,153.0,2.1434,-0.2046,8.8403,-0.0406,0.1158,-0.1991,-1.9621149502196253,-0.26263952255249023,3.036830186843872,-1.4318853616714478,0.34351643919944763,2.511204481124878,4.651285811061523,0.00014354214363265783,0.21212151646614075,-1.6380842367755335,0.0,0.06652586907148361,1.0240817070007324,-0.0,0.050600942224264145,0.7926057577133179,-0.059727489948272705,-0.36804133653640747
108.0,153.0,2.1434,-0.2046,8.8403,-0.0406,0.1158,-0.1991,-1.963639875451559,-0.2519867420196533,3.021968364715576,-1.4298272132873535,0.33684074878692627,2.5242807865142822,4.651305838222168,0.00011581857688724995,0.214054673910141,-1.6381209532367151,0.0,0.06184558570384979,1.024045705795288,-0.0,0.05342671275138855,0.7921934723854065,-0.05910750478506088,-0.34555304050445557
108.0,153.0,2.1434,-0.2046,8.8403,-0.0406,0.1158,-0.1991,-1.9651690922179164,-0.2543007433414459,2.9533228874206543,-1.427743673324585,0.3368712365627289,2.5221526622772217,4.651305838222168,0.00013907479296904057,0.22560223937034607,-1.6381209532367151,0.0,0.05939054489135742,1.0240378379821777,-0.0,0.04179476201534271,0.7918490767478943,-0.05984504520893097,-0.3411270081996918
108.0,153.0,2.1434,-0.2046,8.8403,-0.0406,0.1158,-0.1991,-1.9672299824156703,-0.254117488861084,3.036835193634033,-1.4250860214233398,0.3344821631908417,2.578218936920166,4.651345892543457,0.000131221444462426,0.2211904078722,-1.6380723158465784,0.0,0.05655922740697861,1.0240936279296875,-0.0,0.03614955395460129,0.7913766503334045,-0.06142457202076912,-0.3431759774684906
108.0,153.0,2.1434,-0.2046,8.8403,-0.0406,0.1158,-0.1991,-1.9688121281065882,-0.2417650818824768,3.0450286865234375,-1.4230979681015015,0.33669424057006836,2.5354530811309814,4.651310129756592,0.0001610570470802486,0.21573755145072937,-1.6381333510028284,0.0,0.05615207925438881,1.024073600769043,-0.0,0.04269365221261978,0.7909603714942932,-0.06406187266111374,-0.3917180001735687
108.0,153.0,2.1434,-0.2046,8.8403,-0.0406,0.1158,-0.1991,-1.9703012905516566,-0.24194087088108063,3.0682427883148193,-1.421118974685669,0.3292900323867798,2.5071640014648438,4.651310129756592,0.00013662749552167952,0.21905846893787384,-1.6381409803973597,0.0,0.05005311965942383,1.0241185426712036,-0.0,0.04276470094919205,0.790536105632782,-0.0670909583568573,-0.37443143129348755
108.0,153.0,2.1434,-0.2046,8.8403,-0.0406,0.1158,-0.1991,-1.9718595943846644,-0.25066763162612915,3.0408520698547363,-1.419236421585083,0.3319321572780609,2.536832571029663,4.651302023524902,0.00011861561506520957,0.22137340903282166,-1.6381328741656702,0.0,0.05245187133550644,1.0240497589111328,-0.0,0.05493510514497757,0.7901709675788879,-0.06943784654140472,-0.3988006114959717
108.0,153.0,2.1434,-0.2046,8.8403,-0.0406,0.1158,-0.1991,-1.9733287296690882,-0.24783264100551605,3.031519651412964,-1.417249321937561,0.3281451165676117,2.5190680027008057,4.651237173671387,-6.751294858986512e-05,0.21653607487678528,-1.6381004492389124,0.0,0.05524411052465439,1.024093747138977,-0.0,0.050477802753448486,0.7897074818611145,-0.07037905603647232,-0.3767477869987488
108.0,153.0,2.1434,-0.2046,8.8403,-0.0406,0.1158,-0.1991,-1.9748383961119593,-0.24246430397033691,3.1226048469543457,-1.4152779579162598,0.32116830348968506,2.5391597747802734,4.651302023524902,-5.517849785974249e-05,0.2234990894794464,-1.6381166617022913,0.0,0.050411589443683624,1.0241057872772217,-0.0,0.04500585049390793,0.7892990708351135,-0.07251791656017303,-0.3808537721633911
108.0,153.0,2.1434,-0.2046,8.8403,-0.0406,0.1158,-0.1991,-1.97630037883901,-0.2404230386018753,3.0499181747436523,-1.4133621454238892,0.3249220848083496,2.6018004417419434,4.651293440456055,-1.535913796146815e-08,0.21722544729709625,-1.6381166617022913,0.0,0.06471472978591919,1.0240776538848877,-0.0,0.05569034442305565,0.7888030409812927,-0.07310626655817032,-0.39028728008270264
101.0,134.0,2.1613,-0.5982,9.4068,-0.062,0.1057,-0.1993,-1.9777142010130824,-0.23993675410747528,3.118819236755371,-1.4115793704986572,0.3202643096446991,2.5116312503814697,4.651265307063721,-4.2752724103978235e-12,0.22067296504974365,-1.638137165700094,0.0,0.05685100331902504,1.024150013923645,-0.0,0.04034445807337761,0.7884265184402466,-0.07575968652963638,-0.33618736267089844
101.0,134.0,2.1613,-0.5982,9.4068,-0.062,0.1057,-0.1993,-1.9790994129576625,-0.23696544766426086,3.116109609603882,-1.4096449613571167,0.31124183535575867,2.4756698608398438,4.651305838222168,-0.0003537274897098541,0.22194939851760864,-1.6381290594684046,0.0,0.04037104919552803,1.0240771770477295,-0.0,0.07298107445240021,0.7879381775856018,-0.07884272933006287,-0.3977242112159729
101.0,134.0,2.1613,-0.5982,9.4068,-0.062,0.1057,-0.1993,-1.9810167751707972,-0.2302168607711792,3.151604175567627,-1.4071824550628662,0.3080012798309326,2.4786324501037598,4.651233358974121,-0.00021248310804367065,0.22182193398475647,-1.638137165700094,0.0,0.0534038208425045,1.0241382122039795,-0.0,0.05884614214301109,0.7873095870018005,-0.07845509052276611,-0.32504624128341675
101.0,134.0,2.1613,-0.5982,9.4068,-0.062,0.1057,-0.1993,-1.9823948345580042,-0.23228983581066132,3.095903158187866,-1.4053901433944702,0.2963210344314575,2.449251651763916,4.651298208827637,-0.0001568501174915582,0.20808470249176025,-1.638137165700094,0.0,0.06559561938047409,1.0241382122039795,-0.0,0.06646595895290375,0.7869251370429993,-0.07565589249134064,-0.3893490135669708
101.0,134.0,2.1613,-0.5982,9.4068,-0.062,0.1057,-0.1993,-1.983720441857809,-0.22606511414051056,3.0840559005737305,-1.4036171436309814,0.2907625436782837,2.4924697875976562,4.6512815195271,-6.652127194683999e-05,0.21956951916217804,-1.6381571928607386,0.0,0.04435848444700241,1.0241177082061768,-0.0,0.06232571601867676,0.7864329218864441,-0.072723887860775,-0.36103126406669617
101.0,134.0,2.1613,-0.5982,9.4068,-0.062,0.1057,-0.1993,-1.9850102863707484,-0.2192407101392746,3.136918544769287,-1.4018031358718872,0.28920841217041016,2.4990735054016113,4.65127341329541,-5.148844502400607e-05,0.20800358057022095,-1.6381571928607386,0.0,0.052311450242996216,1.024073600769043,-0.0,0.06517484784126282,0.7859806418418884,-0.0710742250084877,-0.3810948133468628
101.0,134.0,2.1613,-0.5982,9.4068,-0.062,0.1057,-0.1993,-1.9863320789732875,-0.21396806836128235,3.1203505992889404,-1.4001060724258423,0.2834869921207428,2.4635348320007324,4.651269121760986,-4.3942814954789355e-05,0.207197904586792,-1.6381209532367151,0.0,0.04827754199504852,1.024093747138977,-0.0,0.07358528673648834,0.7855562567710876,-0.0728423073887825,-0.3327907919883728
101.0,134.0,2.1613,-0.5982,9.4068,-0.062,0.1057,-0.1993,-1.9875904522337855,-0.20863427221775055,3.1960010528564453,-1.3983720541000366,0.2771824896335602,2.481370210647583,4.6512977319904785,-3.832729998975992e-05,0.2193244993686676,-1.6381004492389124,0.0,0.048918671905994415,1.0240570306777954,-0.0,0.06659940630197525,0.7850797176361084,-0.073870450258255,-0.3337075114250183
101.0,134.0,2.1613,-0.5982,9.4068,-0.062,0.1057,-0.1993,-1.9887644253172816,-0.1988886594772339,3.195707321166992,-1.396710991859436,0.2739628851413727,2.52563738822937,4.651322050685547,-6.010500896991289e-07,0.2271391749382019,-1.6380842367755335,0.0,0.04402826353907585,1.024129867553711,-0.0,0.08441942185163498,0.7847115397453308,-0.0696384385228157,-0.3821212649345398
101.0,134.0,2.1613,-0.5982,9.4068,-0.062,0.1057,-0.1993,-1.9899665317931117,-0.19865606725215912,3.2103004455566406,-1.3951455354690552,0.2635098397731781,2.420508861541748,4.651270075435303,-1.6730450358437565e-10,0.2291105091571808,-1.6381004492389124,0.0,0.048941027373075485,1.0240896940231323,-0.0,0.08173161000013351,0.7842393517494202,-0.06442248821258545,-0.33342668414115906
101.0,134.0,2.1613,-0.5982,9.4068,-0.062,0.1057,-0.1993,-1.9911166630186976,-0.2005728930234909,3.1479458808898926,-1.3935799598693848,0.2610391676425934,2.4785993099212646,4.651293917293213,-4.6569824006196386e-14,0.2265300452709198,-1.6381166617022913,0.0,0.05369667708873749,1.0241135358810425,-0.0,0.0658058300614357,0.7839229106903076,-0.0579315684735775,-0.3447813093662262
101.0,134.0,2.1613,-0.5982,9.4068,-0.062,0.1057,-0.1993,-1.992286821404928,-0.19773483276367188,3.1645631790161133,-1.392045259475708,0.26063287258148193,2.4888134002685547,4.6512495714375,-1.296288138257773e-17,0.21675993502140045,-1.6381571928607386,0.0,0.038291893899440765,1.0240896940231323,-0.0,0.08780537545681,0.7835664749145508,-0.056737348437309265,-0.32035523653030396
101.0,134.0,2.1613,-0.5982,9.4068,-0.062,0.1057,-0.1993,-1.9938494167723597,-0.18302130699157715,3.204444646835327,-1.3900138139724731,0.2503301799297333,2.412168025970459,4.6513258653828125,-2.3559395305475384e-22,0.22998251020908356,-1.6381571928607386,0.0,0.06300363689661026,1.0241422653198242,-0.0,0.07828488945960999,0.7831423282623291,-0.0579296350479126,-0.29847490787506104
101.0,134.0,2.1613,-0.5982,9.4068,-0.062,0.1057,-0.1993,-1.9949432812132777,-0.17648136615753174,3.2709901332855225,-1.3884989023208618,0.2520870268344879,2.440778970718384,4.6513096529194335,-6.557843845933025e-26,0.2233479917049408,-1.6381571928607386,0.0,0.04904552549123764,1.0241577625274658,0.00031178363133221865,0.0817151591181755,0.7827819585800171,-0.0565243624150753,-0.324887216091156
101.0,134.0,2.1613,-0.5982,9.4068,-0.062,0.1057,-0.1993,-1.996049543420309,-0.18115505576133728,3.2318358421325684,-1.3870086669921875,0.24964205920696259,2.477680206298828,4.6512414652058105,-9.587551176082343e-05,0.217738538980484,-1.6380961577044886,0.0,0.06030856445431709,1.0241659879684448,0.0003622810181695968,0.0726870745420456,0.7824608087539673,-0.05352393165230751,-0.38169336318969727
95.0,121.0,2.0363,-0.0772,9.1196,-0.0295,0.079,-0.1568,-1.9971362553038539,-0.1901589184999466,3.1983377933502197,-1.3855421543121338,0.23575100302696228,2.4016103744506836,4.651253862971924,-0.00023720227181911469,0.21689057350158691,-1.6380961577044886,0.0,0.0449519157409668,1.024101734161377,0.00035535890492610633,0.07806575298309326,0.7821247577667236,-0.04874533414840698,-0.30128705501556396
95.0,121.0,2.0363,-0.0772,9.1196,-0.0295,0.079,-0.1568,-1.9982301197447718,-0.18772633373737335,3.2207417488098145,-1.3841397762298584,0.23367717862129211,2.4437718391418457,4.65130536138501,-2.6487182367418427e-06,0.21703240275382996,-1.6381567160235804,0.0,0.0577310174703598,1.024153709411621,0.0004250725614838302,0.08688509464263916,0.781941294670105,-0.04525236412882805,-0.34682562947273254
95.0,121.0,2.0363,-0.0772,9.1196,-0.0295,0.079,-0.1568,-1.9993440113463343,-0.17250627279281616,3.2728188037872314,-1.3826850652694702,0.2414652407169342,2.4213614463806152,4.6513096529194335,-7.372804589067528e-10,0.22477152943611145,-1.6381447950946253,0.0,0.05760685354471207,1.0240975618362427,0.00040085974615067244,0.08599970489740372,0.7815691232681274,-0.04342843219637871,-0.3112851083278656
95.0,121.0,2.0363,-0.0772,9.1196,-0.0295,0.079,-0.1568,-2.000406881371969,-0.16313953697681427,3.266655445098877,-1.3813830614089966,0.2412036657333374,2.426741123199463,4.651245279903076,4.059190814587055e-06,0.2187981903553009,-1.638148609791891,0.0,0.054803792387247086,1.0241496562957764,0.0004229367186781019,0.08305953443050385,0.7813729643821716,-0.04370195418596268,-0.30073708295822144
95.0,121.0,2.0363,-0.0772,9.1196,-0.0295,0.079,-0.1568,-2.001364847222799,-0.1673397719860077,3.291766881942749,-1.3799198865890503,0.22775676846504211,2.440227746963501,4.651269121760986,1.1298907365286937e-09,0.22434742748737335,-1.6381524244891565,0.0,0.050644829869270325,1.0241496562957764,0.00042177876457571983,0.09717676788568497,0.7811203002929688,-0.04519300162792206,-0.3181574046611786
95.0,121.0,2.0363,-0.0772,9.1196,-0.0295,0.079,-0.1568,-2.0024548969664515,-0.18097341060638428,3.2022409439086914,-1.3785934448242188,0.22338345646858215,2.407252788543701,4.651265307063721,3.1450926932241607e-13,0.2213011533021927,-1.6381447950946253,0.0,0.040695980191230774,1.024198293685913,0.00040965003427118063,0.09992820024490356,0.7808560132980347,-0.044261593371629715,-0.2514486014842987
95.0,121.0,2.0363,-0.0772,9.1196,-0.0295,0.079,-0.1568,-2.003505369225973,-0.18511566519737244,3.301997184753418,-1.3772748708724976,0.2241600900888443,2.431915283203125,4.65127341329541,8.75448189482273e-17,0.22066031396389008,-1.6381166617022913,0.0,0.06510896980762482,1.0241291522979736,0.00038828185643069446,0.10085201263427734,0.7806278467178345,-0.04312174394726753,-0.28654012084007263
95.0,121.0,2.0363,-0.0772,9.1196,-0.0295,0.079,-0.1568,-2.0049239597716273,-0.16469404101371765,3.286787986755371,-1.3754210472106934,0.22050800919532776,2.430532932281494,4.651293440456055,1.5910838267554702e-21,0.217017263174057,-1.6381524244891565,0.0,0.052054956555366516,1.0241857767105103,0.0003573704161681235,0.09175579249858856,0.7802556157112122,-0.0439186617732048,-0.32305705547332764
95.0,121.0,2.0363,-0.0772,9.1196,-0.0295,0.079,-0.1568,-2.0059052906432093,-0.1556779146194458,3.3082122802734375,-1.3741146326065063,0.21489503979682922,2.424670457839966,4.651333971614502,6.60946243442595e-05,0.22515904903411865,-1.6381366888629358,0.0,0.04968239367008209,1.0241574048995972,0.00038779061287641525,0.10893164575099945,0.7800757884979248,-0.041452404111623764,-0.290920227766037
95.0,121.0,2.0363,-0.0772,9.1196,-0.0295,0.079,-0.1568,-2.006883760491842,-0.15619342029094696,3.2853446006774902,-1.3728320598602295,0.21216265857219696,2.4230000972747803,4.6513096529194335,0.00011967284808633849,0.22881478071212769,-1.6381447950946253,0.0,0.04916410148143768,1.024141550064087,0.00038529009907506406,0.1028197705745697,0.7798154354095459,-0.0384487546980381,-0.2913574278354645
95.0,121.0,2.0363,-0.0772,9.1196,-0.0295,0.079,-0.1568,-2.007839342156881,-0.15670759975910187,3.3113677501678467,-1.3715646266937256,0.210401251912117,2.459096670150757,4.651290102595947,8.323715883307159e-05,0.2301391363143921,-1.6381610075580042,0.0,0.04645562171936035,1.0242332220077515,0.00037244183477014303,0.10374653339385986,0.7796152830123901,-0.03217848390340805,-0.2741493582725525
95.0,121.0,2.0363,-0.0772,9.1196,-0.0295,0.079,-0.1568,-2.008721014062399,-0.15527202188968658,3.397235870361328,-1.3703293800354004,0.20226190984249115,2.4683947563171387,4.6512815195271,3.656748231151141e-05,0.23326954245567322,-1.638148609791891,0.0,0.03710610419511795,1.0240851640701294,0.0004712264344561845,0.11338555812835693,0.7793667912483215,-0.028183961287140846,-0.26665279269218445
95.0,121.0,2.0363,-0.0772,9.1196,-0.0295,0.079,-0.1568,-2.0096241436400355,-0.15195006132125854,3.3412086963653564,-1.369110107421875,0.1979558914899826,2.4158499240875244,4.651345892543457,7.076115434756503e-05,0.2323617935180664,-1.6381366888629358,0.0,0.04669392108917236,1.024190068244934,0.0004959605867043138,0.10414458811283112,0.779250979423523,-0.023133624345064163,-0.22802025079727173
95.0,121.0,2.0363,-0.0772,9.1196,-0.0295,0.079,-0.1568,-2.0104667148985804,-0.14082656800746918,3.3604536056518555,-1.367978572845459,0.19714610278606415,2.486097812652588,4.6512977319904785,5.824143227073364e-05,0.233514204621315,-1.6381447950946253,0.0,0.06000758707523346,1.024181842803955,0.0007362844189628959,0.11672353744506836,0.7791749238967896,-0.017558559775352478,-0.2542726397514343
89.0,113.0,2.2666,0.0012,9.0832,0.0024,0.0791,-0.1,-2.011345525781149,-0.13266988098621368,3.418640613555908,-1.366742491722107,0.1949266940355301,2.4381282329559326,4.6512977319904785,4.876928142039105e-05,0.2358531951904297,-1.6381610075580042,0.0,0.05514552444219589,1.0241738557815552,0.00103574781678617,0.11513964831829071,0.7790549993515015,-0.013762138783931732,-0.25093474984169006
89.0,113.0,2.2666,0.0012,9.0832,0.0024,0.0791,-0.1,-2.012087961236471,-0.12738747894763947,3.373617649078369,-1.3656436204910278,0.18670439720153809,2.4294381141662598,4.6512495714375,4.1948027501348406e-05,0.23113001883029938,-1.638092343007223,0.0,0.05940944701433182,1.0241978168487549,0.001284775440581143,0.09908784925937653,0.778938353061676,-0.00969239603728056,-0.22393110394477844
89.0,113.0,2.2666,0.0012,9.0832,0.0024,0.0791,-0.1,-2.0128427944579066,-0.12561403214931488,3.369182586669922,-1.3644838333129883,0.1776956170797348,2.425394058227539,4.651302023524902,3.6800985981244594e-05,0.23471137881278992,-1.638132397328512,0.0,0.050816625356674194,1.024157166481018,0.0025477339513599873,0.13823188841342926,0.7789994478225708,-0.005579807795584202,-0.22505824267864227
89.0,113.0,2.2666,0.0012,9.0832,0.0024,0.0791,-0.1,-2.01383699993276,-0.12371763586997986,3.359860897064209,-1.3630727529525757,0.17595313489437103,2.3896303176879883,4.6512495714375,3.162711436743848e-05,0.23412925004959106,-1.638137165700094,0.0,0.05145910382270813,1.0242249965667725,0.010169695131480694,0.12623721361160278,0.7789591550827026,-0.0013398454757407308,-0.2123727798461914
89.0,113.0,2.2666,0.0012,9.0832,0.0024,0.0791,-0.1,-2.0144716701903285,-0.11678391695022583,3.364745616912842,-1.362113356590271,0.17374099791049957,2.355177402496338,4.6512977319904785,8.803524131906215e-09,0.23009398579597473,-1.638148609791891,0.0,0.05705084651708603,1.0243895053863525,0.016234315931797028,0.12019038200378418,0.7789109349250793,-0.0007066222606226802,-0.21109481155872345
89.0,113.0,2.2666,0.0012,9.0832,0.0024,0.0791,-0.1,-2.015215059319967,-0.1110762357711792,3.358659267425537,-1.360988736152649,0.16943347454071045,2.364786386489868,4.651237173671387,2.4504933672508944e-12,0.2317315638065338,-1.6381691137896937,0.0,0.04395316541194916,1.0245329141616821,0.018946176394820213,0.13896726071834564,0.7789428234100342,-0.0004802007752005011,-0.2529858350753784
89.0,113.0,2.2666,0.0012,9.0832,0.0024,0.0791,-0.1,-2.0158220730223597,-0.1086171567440033,3.412689685821533,-1.360081672668457,0.16098083555698395,2.4500346183776855,4.651277704829834,6.821038798417449e-16,0.23718413710594177,-1.6381810347186487,0.0,0.040862537920475006,1.0246073007583618,0.024486668407917023,0.15109869837760925,0.7788990139961243,-0.0002910159819293767,-0.23629389703273773
89.0,113.0,2.2666,0.0012,9.0832,0.0024,0.0791,-0.1,-2.016489168206686,-0.10201772302389145,3.3633570671081543,-1.3590683937072754,0.15402339398860931,2.3604941368103027,4.651329680080078,1.8986612642053494e-19,0.22220861911773682,-1.6381729284869593,0.0,0.04924945533275604,1.0247594118118286,0.03474850952625275,0.13179075717926025,0.7789105176925659,0.00013005697110202163,-0.2273721694946289
89.0,113.0,2.2666,0.0012,9.0832,0.0024,0.0791,-0.1,-2.0170961819090785,-0.09791046380996704,3.3790574073791504,-1.3581924438476562,0.1511513888835907,2.372685194015503,4.651290102595947,5.284992882734256e-23,0.21727344393730164,-1.6381405035602015,0.0,0.05071784555912018,1.0251266956329346,0.055083151906728745,0.15043091773986816,0.7789269089698792,0.00016482795763295144,-0.2954431176185608
89.0,113.0,2.2666,0.0012,9.0832,0.0024,0.0791,-0.1,-2.0176197491087855,-0.09045080840587616,3.409209966659546,-1.3573880195617676,0.14920291304588318,2.291616916656494,4.651285811061523,1.4710970901912975e-26,0.2167692333459854,-1.6381567160235804,0.0,0.054409511387348175,1.0254604816436768,0.08596217632293701,0.1474469006061554,0.7789670825004578,0.00013931901776231825,-0.20549920201301575
89.0,113.0,2.2666,0.0012,9.0832,0.0024,0.0791,-0.1,-2.018089910546774,-0.08734385669231415,3.3924801349639893,-1.3564388751983643,0.14696063101291656,2.300415515899658,4.651257677669189,4.094852814761763e-30,0.21431216597557068,-1.6381247679339808,0.0,0.050767503678798676,1.0260944366455078,0.11579791456460953,0.16726469993591309,0.7789590358734131,0.000196304390556179,-0.23068426549434662
89.0,113.0,2.2666,0.0012,9.0832,0.0024,0.0791,-0.1,-2.0186497173705042,-0.08422667533159256,3.383809804916382,-1.355582356452942,0.14444994926452637,2.3123679161071777,4.651293917293213,1.1398172707553657e-33,0.21916434168815613,-1.6381567160235804,0.0,0.048949699848890305,1.0268638134002686,0.11367839574813843,0.16980767250061035,0.7789467573165894,0.0003468255454208702,-0.281681090593338
89.0,113.0,2.2666,0.0012,9.0832,0.0024,0.0791,-0.1,-2.01910462001943,-0.08106610178947449,3.4204843044281006,-1.3547377586364746,0.13202205300331116,2.3401966094970703,4.651290102595947,3.1727231251743967e-37,0.21654704213142395,-1.6381810347186487,0.0,0.04300117865204811,1.0275051593780518,0.09947963804006577,0.15158015489578247,0.7789789438247681,0.0002818902430590242,-0.22494973242282867
89.0,113.0,2.2666,0.0012,9.0832,0.0024,0.0791,-0.1,-2.019719739953512,-0.06935650110244751,3.382927417755127,-1.3537214994430542,0.11957848072052002,2.36833119392395,4.651322050685547,5.766343180696622e-42,0.22662921249866486,-1.6381610075580042,0.0,0.043149132281541824,1.0282021760940552,0.09579015523195267,0.1460031419992447,0.7789750099182129,0.00022540337522514164,-0.22364026308059692
89.0,113.0,2.2666,0.0012,9.0832,0.0024,0.0791,-0.1,-2.020055433312887,-0.06092672049999237,3.4591503143310547,-1.3530962467193604,0.1164194792509079,2.332915782928467,4.6513096529194335,1.401298464324817e-45,0.2217940390110016,-1.638176743184225,0.0,0.05049070715904236,1.0289198160171509,0.1295110285282135,0.15289422869682312,0.7789591550827026,0.00019595526100602,-0.2074039876461029
86.0,112.0,3.3075,0.0598,8.5184,-0.0469,-0.0055,0.1173,-2.0204183063902796,-0.05701490119099617,3.421159505844116,-1.3523790836334229,0.11530077457427979,2.3107447624206543,4.651305838222168,0.0,0.21007388830184937,-1.6381686369525355,0.0,0.0421590581536293,1.029892086982727,0.1887541264295578,0.1856476068496704,0.7789508104324341,0.00017331297567579895,-0.26176804304122925
86.0,112.0,3.3075,0.0598,8.5184,-0.0469,-0.0055,0.1173,-2.0207420788206996,-0.05443863943219185,3.4580957889556885,-1.3516737222671509,0.11587958037853241,2.364527702331543,4.6512495714375,0.0,0.20799842476844788,-1.6381567160235804,0.0,0.037254273891448975,1.0312150716781616,0.21093377470970154,0.19696225225925446,0.7789750099182129,0.0001553614274598658,-0.18111154437065125
86.0,112.0,3.3075,0.0598,8.5184,-0.0469,-0.0055,0.1173,-2.0211063824095667,-0.05493422597646713,3.463712692260742,-1.3510247468948364,0.11672065407037735,2.386143207550049,4.651313944453857,0.0,0.21331840753555298,-1.6381929556476038,0.0,0.033351242542266846,1.032446026802063,0.22816196084022522,0.19499126076698303,0.7789790630340576,0.00014077946252655238,-0.19205540418624878
86.0,112.0,3.3075,0.0598,8.5184,-0.0469,-0.0055,0.1173,-2.0213529072203578,-0.053910329937934875,3.490844249725342,-1.350314736366272,0.1132366731762886,2.3400120735168457,4.6513258653828125,0.0,0.21568608283996582,-1.638132397328512,0.0,0.04040203243494034,1.0339123010635376,0.24480599164962769,0.2077440321445465,0.7789111733436584,0.00012870041246060282,-0.22389957308769226
86.0,112.0,3.3075,0.0598,8.5184,-0.0469,-0.0055,0.1173,-2.0217048130431117,-0.05190679430961609,3.4572911262512207,-1.349637508392334,0.10726475715637207,2.3171133995056152,4.6513258653828125,0.0,0.20360127091407776,-1.638200585042135,0.0,0.03481840342283249,1.0353940725326538,0.23603375256061554,0.20636510848999023,0.7789949178695679,0.00011853046453325078,-0.20946452021598816
86.0,112.0,3.3075,0.0598,8.5184,-0.0469,-0.0055,0.1173,-2.0219999752440394,-0.045673880726099014,3.4777016639709473,-1.3490720987319946,0.1009761393070221,2.307962656021118,4.651261015529297,0.0,0.2177790105342865,-1.6381686369525355,0.0,0.04741973429918289,1.036916732788086,0.28172340989112854,0.2125081717967987,0.7789952158927917,0.00011737286695279181,-0.21170684695243835
86.0,112.0,3.3075,0.0598,8.5184,-0.0469,-0.0055,0.1173,-2.022191186944479,-0.038838040083646774,3.509164810180664,-1.3484593629837036,0.09652751684188843,2.3509790897369385,4.6512977319904785,0.0,0.21404746174812317,-1.6381610075580042,0.0,0.042345836758613586,1.0387251377105713,0.29771220684051514,0.21850527822971344,0.7789914011955261,0.00010235417721560225,-0.26719048619270325
86.0,112.0,3.3075,0.0598,8.5184,-0.0469,-0.0055,0.1173,-2.0224791965880335,-0.031638551503419876,3.525723457336426,-1.3477264642715454,0.09073860198259354,2.29081392288208,4.651302023524902,0.0,0.22532904148101807,-1.6381447950946253,0.0,0.04560656100511551,1.0412386655807495,0.32192888855934143,0.2315591722726822,0.7789385914802551,7.505598478019238e-05,-0.2083940953016281
86.0,112.0,3.3075,0.0598,8.5184,-0.0469,-0.0055,0.1173,-2.022674699822897,-0.029739849269390106,3.49235200881958,-1.3471651077270508,0.0881454274058342,2.356172800064087,4.65127341329541,0.0,0.21411913633346558,-1.6381405035602015,0.0,0.03672590106725693,1.0433119535446167,0.33956024050712585,0.23658201098442078,0.7789344787597656,3.922935502487235e-05,-0.18840834498405457
86.0,112.0,3.3075,0.0598,8.5184,-0.0469,-0.0055,0.1173,-2.0229069195189417,-0.0307221170514822,3.5639147758483887,-1.3467007875442505,0.08313316106796265,2.3009438514709473,4.651266260738037,0.0,0.2052413374185562,-1.6381366888629358,0.0,0.05026186257600784,1.0455046892166138,0.3694710433483124,0.23575849831104279,0.7789630889892578,2.1209523765719496e-05,-0.22830799221992493
86.0,112.0,3.3075,0.0598,8.5184,-0.0469,-0.0055,0.1173,-2.023050447503561,-0.032573577016592026,3.508418560028076,-1.3461757898330688,0.08028951287269592,2.2684884071350098,4.651310129756592,0.0,0.20855922996997833,-1.6381610075580042,0.0,0.03483261540532112,1.047736406326294,0.3872320353984833,0.24756988883018494,0.7789467573165894,1.980902743525803e-05,-0.22978836297988892
86.0,112.0,3.3075,0.0598,8.5184,-0.0469,-0.0055,0.1173,-2.023233552972311,-0.03129963204264641,3.5202043056488037,-1.345694661140442,0.07720110565423965,2.262924909591675,4.651217146510742,-0.00029437526245601475,0.19983989000320435,-1.6381967703448694,0.0,0.04869649559259415,1.0499804019927979,0.39270058274269104,0.23132207989692688,0.7789790630340576,1.8582060874905437e-05,-0.2123085856437683
86.0,112.0,3.3075,0.0598,8.5184,-0.0469,-0.0055,0.1173,-2.0234419308104457,-0.027832157909870148,3.4912405014038086,-1.3452703952789307,0.07334405928850174,2.267967462539673,4.651253862971924,-0.0002463056589476764,0.20473802089691162,-1.6381447950946253,0.0,0.04625628888607025,1.0525095462799072,0.42401450872421265,0.2481539249420166,0.7789509296417236,1.7498228771728463e-05,-0.23632684350013733
86.0,112.0,3.3075,0.0598,8.5184,-0.0469,-0.0055,0.1173,-2.02354158977651,-0.02197006717324257,3.512082576751709,-1.3448052406311035,0.06843701750040054,2.2317326068878174,4.651298208827637,-0.00021155599097255617,0.19378602504730225,-1.6381085554706019,0.0,0.042410701513290405,1.0551908016204834,0.438808411359787,0.2563468813896179,0.7789306044578552,3.6130387570665334e-10,-0.18452580273151398
86.0,112.0,3.3075,0.0598,8.5184,-0.0469,-0.0055,0.1173,-2.0236288509764613,-0.015132224187254906,3.5522751808166504,-1.344388484954834,0.059923671185970306,2.286766767501831,4.651270075435303,-0.0001854008442023769,0.19773629307746887,-1.6381686369525355,0.0,0.037365421652793884,1.0579419136047363,0.46071678400039673,0.259921133518219,0.7789388298988342,8.725062455331117e-16,-0.1770138293504715
89.0,108.0,2.5645,-0.1149,8.5155,-0.0579,-0.111,0.4331,-2.023769517938131,-0.010377923026680946,3.548154830932617,-1.3441003561019897,0.05012109503149986,2.237150192260742,4.651313944453857,-0.00016500336641911417,0.2106788456439972,-1.6381405035602015,0.0,0.03379986435174942,1.0607380867004395,0.4794195294380188,0.2658757269382477,0.7789026498794556,2.1070000704603624e-21,-0.168150395154953
89.0,108.0,2.5645,-0.1149,8.5155,-0.0579,-0.111,0.4331,-2.0238334141173304,-0.005896838381886482,3.5844526290893555,-1.3438760042190552,0.04092155024409294,2.233330488204956,4.6512495714375,-0.00014864910917822272,0.19097299873828888,-1.6381967703448694,0.0,0.052771568298339844,1.0636296272277832,0.48272109031677246,0.26023390889167786,0.7789713740348816,5.088157075721404e-27,-0.21328982710838318
89.0,108.0,2.5645,-0.1149,8.5155,-0.0579,-0.111,0.4331,-2.023796697656149,-0.002669797046110034,3.582124710083008,-1.3435797691345215,0.026907768100500107,2.1965384483337402,4.651245279903076,-0.00013129851140547544,0.18963424861431122,-1.638200585042135,0.0,0.04681406542658806,1.0677140951156616,0.519408643245697,0.2615138292312622,0.7789110541343689,1.64849812473631e-34,-0.19834226369857788
89.0,108.0,2.5645,-0.1149,8.5155,-0.0579,-0.111,0.4331,-2.0237890682616175,-0.001303071272559464,3.60752534866333,-1.3435207605361938,0.017806926742196083,2.2004194259643555,4.651305838222168,-0.00012073024117853492,0.1976834237575531,-1.6381562391864222,0.0,0.061397846788167953,1.0708801746368408,0.5220820903778076,0.26452764868736267,0.7790109515190125,3.9809347943157296e-40,-0.2131505012512207
89.0,108.0,2.5645,-0.1149,8.5155,-0.0579,-0.111,0.4331,-2.023796697656149,-0.0005057699745520949,3.5363194942474365,-1.343420147895813,0.009597525000572205,2.133657455444336,4.651310129756592,-0.00011173628445249051,0.19551078975200653,-1.6381686369525355,0.0,0.029190143570303917,1.074076533317566,0.5492314100265503,0.256956547498703,0.7789509296417236,1.401298464324817e-45,-0.2333732545375824
89.0,108.0,2.5645,-0.1149,8.5155,-0.0579,-0.111,0.4331,-2.0237447224059046,-0.0002662254264578223,3.5936899185180664,-1.3432949781417847,0.004310895223170519,2.2026124000549316,4.651261015529297,-8.856815111357719e-05,0.19350212812423706,-1.6382125059710901,0.0,0.05189436674118042,1.0774751901626587,0.5492035746574402,0.25212252140045166,0.7789550423622131,0.0,-0.21854457259178162
89.0,108.0,2.5645,-0.1149,8.5155,-0.0579,-0.111,0.4331,-2.023736616174215,0.0003177754406351596,3.575563907623291,-1.343327522277832,0.0020343668293207884,2.1466751098632812,4.651261015529297,-7.779958104947582e-05,0.19596335291862488,-1.6381805578814905,0.0,0.046245988458395004,1.0807079076766968,0.5675771832466125,0.23935885727405548,0.7789223790168762,0.0,-0.226842999458313
89.0,108.0,2.5645,-0.1149,8.5155,-0.0579,-0.111,0.4331,-2.0237447224059046,0.00031669018790125847,3.5433545112609863,-1.3433074951171875,0.0011011728784069419,2.14678955078125,4.651253862971924,-7.306117913685739e-05,0.18247060477733612,-1.6381848494159144,0.0,0.057070180773735046,1.0840495824813843,0.5652372241020203,0.21452298760414124,0.7789306640625,0.0,-0.18952885270118713
89.0,108.0,2.5645,-0.1149,8.5155,-0.0579,-0.111,0.4331,-2.0237089596190394,0.00026147864991798997,3.544954776763916,-1.3433191776275635,0.0006603033980354667,2.17587947845459,4.651277704829834,-6.886816117912531e-05,0.1721629500389099,-1.6382043997394007,0.0,0.03871548920869827,1.0874994993209839,0.57667475938797,0.2296484410762787,0.7789550423622131,0.0,-0.2234300673007965
89.0,108.0,2.5645,-0.1149,8.5155,-0.0579,-0.111,0.4331,-2.023724218408102,0.00017875661433208734,3.624091148376465,-1.3433115482330322,0.0005022968980483711,2.183098316192627,4.651245279903076,-6.5130356233567e-05,0.18510913848876953,-1.638216797505514,0.0,0.038717348128557205,1.0909709930419922,0.563179075717926,0.2245817482471466,0.7789549827575684,0.0,-0.2399371862411499
89.0,108.0,2.5645,-0.1149,8.5155,-0.0579,-0.111,0.4331,-2.0237485371031703,0.00012124018394388258,3.5926027297973633,-1.343299150466919,0.00012616968888323754,2.171604633331299,4.651317759151123,-6.177731120260432e-05,0.18351060152053833,-1.6381924788104456,0.0,0.03573071211576462,1.0943822860717773,0.5719726085662842,0.22146278619766235,0.7789590358734131,0.0,-0.23321181535720825
89.0,108.0,2.5645,-0.1149,8.5155,-0.0579,-0.111,0.4331,-2.0238172016539515,5.042406337452121e-05,3.541638135910034,-1.3433916568756104,6.169168500491651e-06,2.1301956176757812,4.6512815195271,-1.8739292499958538e-05,0.1836353838443756,-1.6382125059710901,0.0,0.04916487634181976,1.0978344678878784,0.5555018186569214,0.21391698718070984,0.7789713740348816,0.0,-0.22884207963943481
89.0,108.0,2.5645,-0.1149,8.5155,-0.0579,-0.111,0.4331,-2.0237728557982386,1.6336757250809408e-12,3.555065870285034,-1.3433678150177002,1.998732397038433e-13,2.1914939880371094,4.6512414652058105,-3.414586535654962e-05,0.1802474558353424,-1.6382125059710901,0.0,0.05387774482369423,1.1023203134536743,0.5630807280540466,0.21119999885559082,0.778878390789032,0.0,-0.23272879421710968
89.0,108.0,2.5645,-0.1149,8.5155,-0.0579,-0.111,0.4331,-2.0237490139403285,3.945134533995096e-18,3.5220441818237305,-1.3434077501296997,4.826703822787134e-19,2.1849558353424072,4.6512414652058105,-4.8520425480091944e-05,0.18754863739013672,-1.6381967703448694,0.0,0.059478603303432465,1.1055940389633179,0.5495876669883728,0.21313993632793427,0.7789509296417236,0.0,-0.22544118762016296
89.0,108.0,2.5645,-0.1149,8.5155,-0.0579,-0.111,0.4331,-2.0237933597960414,9.527035287030709e-24,3.5593745708465576,-1.3433477878570557,1.1655922773467528e-24,2.1479201316833496,4.651266260738037,-0.00021339357772376388,0.1726168990135193,-1.6381762663470667,0.0,0.05671151727437973,1.1089063882827759,0.5479592084884644,0.2043815553188324,0.7789631485939026,0.0,-0.21716679632663727
87.0,109.0,1.7785,-0.1262,9.2447,-0.0312,-0.005,0.3574,-2.0238052807249964,2.3006668605367208e-29,3.519014358520508,-1.343343734741211,2.8147673024225197e-30,2.0977962017059326,4.651253862971924,-0.00035995052894577384,0.1813390552997589,-1.6381881872760218,0.0,0.04560086131095886,1.1121079921722412,0.5240695476531982,0.19688501954078674,0.7789430022239685,0.0,-0.24521103501319885
87.0,109.0,1.7785,-0.1262,9.2447,-0.0312,-0.005,0.3574,-2.0237447224059046,5.555840313720262e-35,3.510969638824463,-1.3434077501296997,6.797331956870564e-36,2.1276488304138184,4.651237173671387,-0.0003490923554636538,0.17351245880126953,-1.6382125059710901,0.0,0.04612255096435547,1.1153454780578613,0.5256901383399963,0.19260171055793762,0.7788984179496765,0.0,-0.2314980924129486
87.0,109.0,1.7785,-0.1262,9.2447,-0.0312,-0.005,0.3574,-2.023752828637594,1.3416732146677961e-40,3.51741361618042,-1.3434077501296997,1.6414810211100907e-41,2.113191604614258,4.651266260738037,-0.00030062394216656685,0.16679483652114868,-1.6381967703448694,-8.634417099528946e-06,0.048304516822099686,1.1183485984802246,0.502562403678894,0.17909833788871765,0.778938889503479,0.0,-0.2089649736881256
87.0,109.0,1.7785,-0.1262,9.2447,-0.0312,-0.005,0.3574,-2.0237652264037074,0.0,3.523139476776123,-1.3433756828308105,-0.00023334388970397413,2.136143922805786,4.6512176233479,-0.0003001958248205483,0.17282651364803314,-1.6381643454181116,-2.40342168389418e-09,0.059690892696380615,1.1214274168014526,0.5024979710578918,0.18060077726840973,0.7789713740348816,0.0,-0.21493063867092133
87.0,109.0,1.7785,-0.1262,9.2447,-0.0312,-0.005,0.3574,-2.0238410435118617,0.0,3.496906042098999,-1.3434396982192993,-0.00020199960272293538,2.124851703643799,4.651261969203613,-0.0003274233022239059,0.149860218167305,-1.6381924788104456,-6.690011500505577e-13,0.05124947801232338,1.1243362426757812,0.48608070611953735,0.18004007637500763,0.7789229154586792,0.0,-0.2881433367729187
87.0,109.0,1.7785,-0.1262,9.2447,-0.0312,-0.005,0.3574,-2.0237728557982386,0.0,3.5007171630859375,-1.3433514833450317,-0.00027254136512055993,2.0959317684173584,4.651241942042969,-0.00034518641768954694,0.1630791425704956,-1.6381924788104456,-1.8621893613932685e-16,0.04329075291752815,1.1272575855255127,0.48609259724617004,0.1914834976196289,0.7789029479026794,0.0,-0.2326405793428421
87.0,109.0,1.7785,-0.1262,9.2447,-0.0312,-0.005,0.3574,-2.0238009891905726,-0.00022987788543105125,3.426976203918457,-1.3433916568756104,-0.0005915416404604912,2.1403071880340576,4.651245279903076,-0.000340927712386474,0.14918334782123566,-1.638172451649801,-5.1834727017184224e-20,0.05052325129508972,1.1301506757736206,0.46946096420288086,0.18259334564208984,0.7789429426193237,-0.0001684141025179997,-0.21997587382793427
87.0,109.0,1.7785,-0.1262,9.2447,-0.0312,-0.005,0.3574,-2.023808618585104,-0.001181886880658567,3.4687113761901855,-1.3433674573898315,-0.0010322530288249254,2.048043727874756,4.651230021114014,-0.00037615440669469535,0.1630426049232483,-1.638172451649801,-9.420706106122553e-25,0.06364427506923676,1.1336942911148071,0.44955217838287354,0.1756851077079773,0.7789229154586792,-0.0001469760900363326,-0.21033407747745514
87.0,109.0,1.7785,-0.1262,9.2447,-0.0312,-0.005,0.3574,-2.023836751977438,-0.002108066575601697,3.4484143257141113,-1.3433914184570312,-0.0009885563049465418,2.1253302097320557,4.651205225581787,-0.0003609926498029381,0.15065258741378784,-1.638172451649801,-2.6222881936380857e-28,0.06037447601556778,1.1363276243209839,0.4374657869338989,0.16174447536468506,0.7789108157157898,-0.00010710257629398257,-0.21204698085784912
87.0,109.0,1.7785,-0.1262,9.2447,-0.0312,-0.005,0.3574,-2.0238691769041957,-0.0025545621756464243,3.487938165664673,-1.3434523344039917,-0.0009751460165716708,2.0198252201080322,4.6512176233479,-0.0003007196937687695,0.15988214313983917,-1.6382043997394007,-7.299235697914047e-32,0.03316950052976608,1.1388767957687378,0.40338441729545593,0.14462848007678986,0.7789795398712158,-9.831396891968325e-05,-0.22064384818077087
87.0,109.0,1.7785,-0.1262,9.2447,-0.0312,-0.005,0.3574,-2.0238729916014613,-0.00227527366951108,3.4473047256469727,-1.3433995246887207,-0.0009637302136979997,2.0583336353302,4.6512495714375,-0.0002576585684437305,0.16055989265441895,-1.6381805578814905,-2.0317692344642113e-35,0.04367399960756302,1.1412973403930664,0.4076352119445801,0.15289820730686188,0.7789672613143921,-6.818861584179103e-05,-0.22056807577610016
87.0,109.0,1.7785,-0.1262,9.2447,-0.0312,-0.005,0.3574,-2.023832460443014,-0.0017847236013039947,3.4736647605895996,-1.3434159755706787,-0.0008091891068033874,2.097153425216675,4.6512743669697265,-0.00022538722259923816,0.15828275680541992,-1.6381281057940882,-5.655504676063922e-39,0.054332148283720016,1.1435855627059937,0.390799880027771,0.14529643952846527,0.7789509296417236,0.00013859932369086891,-0.23955138027668
87.0,109.0,1.7785,-0.1262,9.2447,-0.0312,-0.005,0.3574,-2.0239488087096156,-0.0013875749427825212,3.472764730453491,-1.343440055847168,-0.0006511109531857073,2.055769205093384,4.651289625758789,-0.0002003024856094271,0.1584618091583252,-1.6381967703448694,-1.5736581754367696e-42,0.04734513536095619,1.1457860469818115,0.3509545624256134,0.12520422041416168,0.7789589762687683,0.00017784225929062814,-0.1859595626592636
87.0,109.0,1.7785,-0.1262,9.2447,-0.0312,-0.005,0.3574,-2.0238687000670375,-0.00096832902636379,3.537126064300537,-1.3434150218963623,-0.0004969639703631401,2.110016345977783,4.651261969203613,-0.0001802422193577513,0.17055656015872955,-1.6382086912738245,-0.0,0.050988927483558655,1.1479109525680542,0.3573968708515167,0.1425916850566864,0.7789873480796814,0.00019367551431059837,-0.17460539937019348
87.0,107.0,1.8598,-0.7232,9.2895,-0.0823,0.0057,-0.042,-2.0238849125304164,-0.0005889059393666685,3.5108609199523926,-1.3434150218963623,-0.0004018452309537679,2.0376574993133545,4.6512176233479,-0.00016383497859351337,0.17097672820091248,-1.6382206122027796,-0.0,0.04537446051836014,1.1498819589614868,0.3272337317466736,0.11863023042678833,0.7789790034294128,0.0004092028539162129,-0.18809805810451508
87.0,107.0,1.8598,-0.7232,9.2895,-0.0823,0.0057,-0.042,-2.0238925419249476,-0.00042280249181203544,3.5256710052490234,-1.3433830738067627,-0.000337293284246698,2.0367016792297363,4.651266260738037,-0.00012519554002210498,0.1724853813648224,-1.6382043997394007,-0.0,0.045326247811317444,1.1517655849456787,0.2897631525993347,0.09914446622133255,0.7789873480796814,0.0003863996244035661,-0.20929747819900513
87.0,107.0,1.8598,-0.7232,9.2895,-0.0823,0.0057,-0.042,-2.0238925419249476,-0.0002639630693010986,3.571739435195923,-1.3434678316116333,-0.00029061140958219767,2.0153591632843018,4.651298208827637,-9.394936932949349e-05,0.1796182096004486,-1.6382125059710901,-0.0,0.03934121131896973,1.1532793045043945,0.25693127512931824,0.08780897408723831,0.7790195345878601,0.00042366894194856286,-0.1651727855205536
87.0,107.0,1.8598,-0.7232,9.2895,-0.0823,0.0057,-0.042,-2.0238567791380824,-0.00015304777480196208,3.626857042312622,-1.3434274196624756,-0.0002453399065416306,2.0863380432128906,4.6512495714375,-6.294179911492392e-05,0.19940140843391418,-1.6382363478290003,-0.0,0.048975102603435516,1.1553508043289185,0.24567481875419617,0.07686495780944824,0.778991162776947,0.0004752151726279408,-0.19754916429519653
87.0,107.0,1.8598,-0.7232,9.2895,-0.0823,0.0057,-0.042,-2.0238687000670375,0.00010918959742411971,3.6543264389038086,-1.3434399366378784,-0.00021967464999761432,2.0844645500183105,4.651277704829834,4.876182720181532e-05,0.19641174376010895,-1.6382206122027796,-0.0,0.035876598209142685,1.1566619873046875,0.2158157378435135,0.06700505316257477,0.7789788842201233,0.000498975336086005,-0.20497208833694458
87.0,107.0,1.8598,-0.7232,9.2895,-0.0823,0.0057,-0.042,-2.023836751977438,0.00013861658226232976,3.697277545928955,-1.3434069156646729,-0.00019887066446244717,2.07562255859375,4.651205225581787,9.027438500197604e-05,0.20353060960769653,-1.6382163206683558,-0.0,0.049349308013916016,1.1578397750854492,0.18365894258022308,0.07832978665828705,0.7790271639823914,0.0006909992080181837,-0.10484924912452698
87.0,107.0,1.8598,-0.7232,9.2895,-0.0823,0.0057,-0.042,-2.0238687000670375,0.0001601508993189782,3.6778533458709717,-1.3434315919876099,-0.0001816664735088125,2.0914196968078613,4.651253862971924,0.00033871186315082014,0.2034115493297577,-1.6382043997394007,-0.0,0.03723326325416565,1.158709168434143,0.11682615429162979,0.030752915889024734,0.7789708971977234,0.0008432744652964175,-0.13982725143432617
87.0,107.0,1.8598,-0.7232,9.2895,-0.0823,0.0057,-0.042,-2.0238729916014613,0.00037775241071358323,3.6963448524475098,-1.3434596061706543,-0.0001672020007390529,2.071218490600586,4.651322050685547,0.000508383265696466,0.21316392719745636,-1.6382482687579554,-3.0626262741861865e-05,0.024328460916876793,1.1592469215393066,0.05984432250261307,0.006413584109395742,0.7789668440818787,0.0007425062940455973,-0.1473381221294403
87.0,107.0,1.8598,-0.7232,9.2895,-0.0823,0.0057,-0.042,-2.023853441277975,0.00038342885090969503,3.7304043769836426,-1.3434315919876099,-0.00015487120253965259,2.1389029026031494,4.65127341329541,0.00046460996964015067,0.21713507175445557,-1.6381924788104456,-2.9149168767617084e-05,0.024651024490594864,1.1593573093414307,0.017468340694904327,-0.015283610671758652,0.7790151238441467,0.0005557005642913282,-0.11963841319084167
87.0,107.0,1.8598,-0.7232,9.2895,-0.0823,0.0057,-0.042,-2.0238691769041957,0.00040327972965314984,3.7707624435424805,-1.3434720039367676,-0.00014423414540942758,2.115276336669922,4.651293917293213,0.00043454597471281886,0.23533299565315247,-1.6382363478290003,-2.7798625524155796e-05,0.020997019484639168,1.1593413352966309,-0.008338729850947857,-0.015956450253725052,0.7789508700370789,0.0004393958079162985,-0.10820280015468597
87.0,107.0,1.8598,-0.7232,9.2895,-0.0823,0.0057,-0.042,-2.0238410435118617,0.0004340293235145509,3.78771710395813,-1.3434523344039917,-0.00013496448809746653,2.101390838623047,4.651305838222168,0.0004302053712308407,0.24109749495983124,-1.6382206122027796,-3.940491296816617e-05,0.030559726059436798,1.1592812538146973,-0.021845411509275436,-0.031169380992650986,0.7789788842201233,0.00041526174754835665,-0.09336662292480469
87.0,107.0,1.8598,-0.7232,9.2895,-0.0823,0.0057,-0.042,-2.0238124332823695,0.00043342774733901024,3.7975778579711914,-1.3434399366378784,-0.00012681442603934556,2.1166319847106934,4.651253862971924,0.00041205494198948145,0.24216711521148682,-1.6382282415973108,-3.816168464254588e-05,0.03505691885948181,1.1591603755950928,-0.03151479735970497,-0.042818836867809296,0.7789788842201233,0.00030176114523783326,-0.09591327607631683
87.0,107.0,1.8598,-0.7232,9.2895,-0.0823,0.0057,-0.042,-2.0238009891905726,0.0004075437318533659,3.792752265930176,-1.3434760570526123,-0.00011959250696236268,2.0807502269744873,4.651257677669189,0.00035012332955375314,0.24378985166549683,-1.6382444540606897,-3.6609497328754514e-05,0.0205451138317585,1.1588717699050903,-0.04234190285205841,-0.040985092520713806,0.7790192365646362,0.00026223459281027317,-0.13104909658432007
87.0,107.0,1.8598,-0.7232,9.2895,-0.0823,0.0057,-0.042,-2.0238172016539515,0.00037122267531231046,3.848583698272705,-1.343463659286499,-0.00011115259258076549,2.101604461669922,4.651277704829834,0.00032661730074323714,0.25490960478782654,-1.6382406393634241,-4.553581675281748e-05,0.012328773736953735,1.1585066318511963,-0.06196477264165878,-0.041803378611803055,0.7789549231529236,0.0003060023591388017,-0.051038213074207306
87.0,107.0,1.8598,-0.7232,9.2895,-0.0823,0.0057,-0.042,-2.0238410435118617,0.0004041996435262263,3.8586997985839844,-1.3434315919876099,-0.00010556513734627515,2.1165413856506348,4.6512815195271,0.00030001887353137136,0.24452151358127594,-1.6381920019732874,-4.4581101974472404e-05,0.019135145470499992,1.1581870317459106,-0.07657937705516815,-0.036675676703453064,0.7790551781654358,0.0005283643258735538,-0.08818459510803223
85.0,113.0,1.9101,0.3111,9.3033,-0.0128,0.0102,-0.1432,-2.0238448582091273,0.0003853362868539989,3.9138224124908447,-1.3434884548187256,-0.00010051240678876638,2.144369125366211,4.65127341329541,0.0002971809299197048,0.2658992111682892,-1.6382163206683558,-4.2984411265933886e-05,0.026814280077815056,1.157710075378418,-0.07748426496982574,-0.04177654907107353,0.7789788246154785,0.0010076594771817327,-0.03297063335776329
85.0,113.0,1.9101,0.3111,9.3033,-0.0128,0.0102,-0.1432,-2.023836751977438,0.00037210117443464696,3.903210163116455,-1.3434555530548096,-9.592153219273314e-05,2.1223397254943848,4.651305838222168,0.00025760463904589415,0.2643929719924927,-1.6382606665240687,-4.14979258493986e-05,0.016874410212039948,1.1572645902633667,-0.06634090840816498,-0.03325098752975464,0.7790433168411255,0.0009115432039834559,-0.010330489836633205
85.0,113.0,1.9101,0.3111,9.3033,-0.0128,0.0102,-0.1432,-2.0238448582091273,0.0004481837386265397,3.9157450199127197,-1.3435040712356567,-9.173157013719901e-05,2.165640354156494,4.6513258653828125,0.0002628155052661896,0.27015814185142517,-1.6382001082049769,-4.011087366961874e-05,-0.0017686933279037476,1.1570448875427246,-0.03256522864103317,-0.02621607668697834,0.7790230512619019,0.0009292474715039134,-0.06793217360973358
85.0,113.0,1.9101,0.3111,9.3033,-0.0128,0.0102,-0.1432,-2.0238048038878382,0.00042087925248779356,3.937145948410034,-1.343463659286499,-8.789231651462615e-05,2.1283326148986816,4.6513258653828125,0.00023364806838799268,0.271557092666626,-1.6381962935077112,-8.572051513056067e-08,0.018228378146886826,1.1569284200668335,0.005628338549286127,-0.033911146223545074,0.7790433168411255,0.0007544590043835342,-0.018145475536584854
85.0,113.0,1.9101,0.3111,9.3033,-0.0128,0.0102,-0.1432,-2.023820539514059,0.0004007579991593957,3.9802253246307373,-1.3434720039367676,-8.43616362544708e-05,2.1639633178710938,4.651298208827637,0.00024001908604986966,0.27725929021835327,-1.6382320562945765,-2.3860620076976424e-11,0.015186885371804237,1.1570489406585693,0.023527804762125015,0.001630615210160613,0.7789948582649231,0.0007036669412627816,-0.05659635365009308
85.0,113.0,1.9101,0.3111,9.3033,-0.0128,0.0102,-0.1432,-2.0238129101195277,0.00042975033284164965,3.961712121963501,-1.3434431552886963,-8.110360067803413e-05,2.1028850078582764,4.651285811061523,0.00021841793204657733,0.2877909243106842,-1.6381920019732874,-6.641691218539376e-15,0.0021714733447879553,1.157148838043213,0.02358318865299225,-0.005215249955654144,0.779091477394104,0.0006622890941798687,-0.04305106773972511
85.0,113.0,1.9101,0.3111,9.3033,-0.0128,0.0102,-0.1432,-2.0238572559752406,0.0004173407796770334,3.986447334289551,-1.3435003757476807,-7.808781083440408e-05,2.1722772121429443,4.651317759151123,0.00020291711552999914,0.2848803699016571,-1.638240162526266,-1.8487391564789725e-18,0.01491741556674242,1.157233715057373,0.010630915872752666,-0.002868480747565627,0.7790231108665466,0.000703191093634814,-0.0637035146355629
85.0,113.0,1.9101,0.3111,9.3033,-0.0128,0.0102,-0.1432,-2.0238048038878382,0.0003765269066207111,3.979769229888916,-1.3434921503067017,-7.439918408636004e-05,2.116060495376587,4.651293440456055,0.00017193579697050154,0.2745437026023865,-1.6382282415973108,-3.3599920981642347e-23,-0.0012492744717746973,1.1571977138519287,-0.003223682986572385,-0.024293066933751106,0.7790310382843018,0.0005384162650443614,-0.031433723866939545
85.0,113.0,1.9101,0.3111,9.3033,-0.0128,0.0102,-0.1432,-2.0238734684386195,0.00032970032771117985,3.990595579147339,-1.3434720039367676,-7.185359572758898e-05,2.1616952419281006,4.651285811061523,0.00018508441280573606,0.2849828004837036,-1.6382125059710901,-9.352660936590451e-27,0.006559952162206173,1.15720534324646,-0.0030215701553970575,-0.016263511031866074,0.7790107131004333,0.0004754008841700852,0.0022175880149006844
85.0,113.0,1.9101,0.3111,9.3033,-0.0128,0.0102,-0.1432,-2.0238172016539515,0.0003031164815183729,3.968691349029541,-1.343488097190857,-7.940141222206876e-05,2.1670968532562256,4.651290102595947,0.0001678410335443914,0.2862272262573242,-1.6382363478290003,-2.6033474023819302e-30,0.018414989113807678,1.1571686267852783,-0.0012434299569576979,-0.0169825442135334,0.7790428400039673,0.00043872182141058147,0.007607471197843552
85.0,113.0,1.9101,0.3111,9.3033,-0.0128,0.0102,-0.1432,-2.023820539514059,0.00030255544697865844,4.013011932373047,-1.3434760570526123,-1.9174507814856412e-10,2.2013731002807617,4.651290102595947,0.0001535242045065388,0.2823028266429901,-1.6382201353656214,-7.246514004861499e-34,0.003702624002471566,1.1571810245513916,-0.000868969305884093,-0.013598340563476086,0.7790510654449463,0.0004147097934037447,-0.022419357672333717
85.0,113.0,1.9101,0.3111,9.3033,-0.0128,0.0102,-0.1432,-2.023836751977438,0.0002590353542473167,4.027850151062012,-1.3434839248657227,-4.630417308635552e-16,2.1516366004943848,4.651305838222168,0.00016500719357281923,0.29331523180007935,-1.6382001082049769,-7.269743946380913e-05,0.004383155144751072,1.1571691036224365,-0.0006378659163601696,-0.012540536932647228,0.7790549397468567,0.0003291926987003535,-0.016221053898334503
85.0,113.0,1.9101,0.3111,9.3033,-0.0128,0.0102,-0.1432,-2.023820539514059,0.0002641858591232449,3.966700315475464,-1.3434720039367676,-1.1181911732971182e-21,2.1556694507598877,4.651293917293213,0.00015300954692065716,0.2943378686904907,-1.6382444540606897,-6.976752047194168e-05,-0.006536716595292091,1.1571650505065918,-0.0005038377130404115,-0.017696896567940712,0.7790228128433228,0.00035919665242545307,-0.005305140279233456
85.0,113.0,1.9101,0.3111,9.3033,-0.0128,0.0102,-0.1432,-2.0238009891905726,0.0003062838804908097,4.013577461242676,-1.3434555530548096,-2.7002999601136837e-27,2.1496505737304688,4.651313944453857,0.0001426175731467083,0.2835448086261749,-1.6382606665240687,-6.666684203082696e-05,-0.008042661473155022,1.1572058200836182,-0.00041637776303105056,-0.006033197045326233,0.7790228128433228,0.0003202257794328034,-0.033102892339229584
85.0,113.0,1.9101,0.3111,9.3033,-0.0128,0.0102,-0.1432,-2.0237933597960414,0.00035179921542294323,4.007935523986816,-1.3434596061706543,-6.520906505024849e-33,2.180511236190796,4.6513258653828125,0.00015260408690664917,0.28672587871551514,-1.6382482687579554,-6.38299752608873e-05,0.002798335161060095,1.1571934223175049,-0.0003547998203430325,-0.029928550124168396,0.7790067195892334,0.00031754569499753416,-0.02290944755077362
85.0,112.0,1.7276,-0.5659,9.6425,-0.0223,0.0035,-0.1072,-2.0237490139403285,0.0006526604411192238,4.031251430511475,-1.3434596061706543,-1.5747221813607314e-38,2.158402681350708,4.651302023524902,0.00014349997218232602,0.28174617886543274,-1.638256851826803,-7.346605707425624e-05,0.018766872584819794,1.1572177410125732,-0.00030909338966012,-0.019004445523023605,0.7790913581848145,0.0003345290897414088,-0.03463905677199364
85.0,112.0,1.7276,-0.5659,9.6425,-0.0223,0.0035,-0.1072,-2.0238009891905726,0.000727915670722723,4.030688762664795,-1.3435288667678833,-3.783505853677006e-44,2.1873998641967773,4.651317759151123,0.00013540383952204138,0.28558260202407837,-1.638240162526266,-7.058843038976192e-05,0.0017714877612888813,1.1572253704071045,-0.00027382097323425114,-0.016665244475007057,0.7790107727050781,0.0002788813435472548,-0.029445692896842957
85.0,112.0,1.7276,-0.5659,9.6425,-0.0223,0.0035,-0.1072,-2.0237766704955042,0.0008036917424760759,4.083286285400391,-1.3434761762619019,-0.0,2.1435532569885254,4.651265307063721,0.00012169016554253176,0.2835533320903778,-1.6382282415973108,-6.708098226226866e-05,-0.0008782196091488004,1.1571240425109863,-0.00023766160302329808,-0.014325832016766071,0.7790350914001465,0.00022347566846292466,-0.0641452968120575
85.0,112.0,1.7276,-0.5659,9.6425,-0.0223,0.0035,-0.1072,-2.023764749566549,0.0008723501232452691,4.0389018058776855,-1.3434760570526123,-0.0,2.178374767303467,4.65127341329541,0.00011255813296884298,0.29460883140563965,-1.6382201353656214,-6.467086495831609e-05,-0.004091793205589056,1.1572414636611938,-0.00021624508372042328,-0.011532260105013847,0.7790269255638123,0.0001944962132256478,-0.027429761365056038
85.0,112.0,1.7276,-0.5659,9.6425,-0.0223,0.0035,-0.1072,-2.0237204037108363,0.0008315769955515862,4.026975631713867,-1.3435122966766357,-6.145862130324531e-08,2.1074631214141846,4.651301546687744,0.00012545731442514807,0.3006703555583954,-1.6382525602923792,-6.242796371225268e-05,0.007646574638783932,1.1571650505065918,-0.00019837054423987865,-0.02509572170674801,0.7790627479553223,0.00020660448353737593,-0.03129507228732109
85.0,112.0,1.7276,-0.5659,9.6425,-0.0223,0.0035,-0.1072,-2.023769517938131,0.0010124774416908622,4.060649394989014,-1.343440055847168,-1.4841533763684106e-13,2.1323070526123047,4.651290102595947,0.00011744352377718315,0.2928291857242584,-1.6382158438311976,-7.030482811387628e-05,-0.009645194746553898,1.1572136878967285,-0.000183224692591466,-0.022751612588763237,0.7790388464927673,0.00018533131515141577,-0.011844730004668236
85.0,112.0,1.7276,-0.5659,9.6425,-0.0223,0.0035,-0.1072,-2.023708482781881,0.001012932974845171,4.020069599151611,-1.3435004949569702,-3.5840552039670973e-19,2.140552043914795,4.6512977319904785,0.00011024983541574329,0.2920032739639282,-1.6382082144366663,-2.9674939128199185e-07,-0.009242154657840729,1.1571649312973022,-0.0001702281879261136,-0.023574069142341614,0.7790675759315491,0.00016803039761725813,-0.015733756124973297
85.0,112.0,1.7276,-0.5659,9.6425,-0.0223,0.0035,-0.1072,-2.0237328014769496,0.0008541351999156177,4.026252746582031,-1.3434596061706543,-8.655072224179642e-25,2.142176628112793,4.651245756740234,0.00010388667578808963,0.29279032349586487,-1.638256851826803,-8.260129386039594e-11,0.0011322860373184085,1.1572136878967285,-0.0001589535386301577,-0.03331780806183815,0.7790833115577698,0.00015368346066679806,0.014197798445820808
85.0,112.0,1.7276,-0.5659,9.6425,-0.0223,0.0035,-0.1072,-2.023740907708639,0.0007669815677218139,4.045925140380859,-1.343431830406189,-2.0900979807903075e-30,2.1915416717529297,4.65127341329541,9.821794083109125e-05,0.2893368601799011,-1.638268772755758,-2.299237731630266e-14,0.008277460932731628,1.1571767330169678,-0.0001490793511038646,-0.02078646793961525,0.7790549993515015,0.00014159413694869727,0.03541375324130058
85.0,112.0,1.7276,-0.5659,9.6425,-0.0223,0.0035,-0.1072,-2.023745199243063,0.000682462879922241,4.105016708374023,-1.343463659286499,-5.047340570817178e-36,2.144775629043579,4.6512977319904785,9.313596092397347e-05,0.28173860907554626,-1.6382725874530237,-6.400013858969758e-18,0.00394425168633461,1.1571811437606812,-0.00014036052743904293,-0.022003646939992905,0.7790428996086121,0.0001312680687988177,0.031303707510232925
85.0,112.0,1.7276,-0.5659,9.6425,-0.0223,0.0035,-0.1072,-2.023740907708639,0.0006563462666235864,4.061622619628906,-1.3434921503067017,-1.218849404269726e-41,2.1355154514312744,4.651265307063721,8.855393389239907e-05,0.28089216351509094,-1.638268772755758,-1.7814673409166664e-21,0.0004076985642313957,1.1571975946426392,-8.53523742989637e-05,-0.03137902542948723,0.779083251953125,0.00012234572204761207,-0.026320047676563263
85.0,112.0,1.7276,-0.5659,9.6425,-0.0223,0.0035,-0.1072,-2.02372469524526,0.0006180534837767482,4.027437210083008,-1.3434481620788574,-0.0,2.1526312828063965,4.6513377863117675,8.44017049530521e-05,0.28078538179397583,-1.638223950062887,-4.958779157181214e-25,0.006322604604065418,1.1571934223175049,-8.001829701242968e-05,-0.006183157674968243,0.7790428996086121,0.00011455922503955662,0.004142185673117638
85.0,112.0,1.7276,-0.5659,9.6425,-0.0223,0.0035,-0.1072,-2.023688932458395,0.0006377798854373395,4.02137565612793,-1.3434275388717651,-0.0,2.2086753845214844,4.6513096529194335,7.943531818455085e-05,0.28580981492996216,-1.638235870991842,-9.012336512613153e-30,0.00548959756270051,1.15720534324646,-7.470453419955447e-05,-0.022596241906285286,0.7790428996086121,0.0001055983520927839,-0.017745088785886765
85.0,112.0,1.7276,-0.5659,9.6425,-0.0223,0.0035,-0.1072,-2.0236851177611292,0.000679337012115866,4.061225414276123,-1.3434839248657227,-0.0,2.1313796043395996,4.6512977319904785,7.607803854625672e-05,0.2871372103691101,-1.6382277647601526,-2.5086171676310666e-33,0.010412189178168774,1.1571691036224365,-7.116053166100755e-05,-0.014583987183868885,0.7790351510047913,9.974672138923779e-05,-0.005968580022454262
86.0,111.0,2.0608,-0.4289,9.1998,-0.031,0.006,-0.1115,-2.0236970386900843,0.0005783041706308722,3.99815034866333,-1.3434555530548096,-0.0,2.181905746459961,4.651261015529297,8.202858589356765e-05,0.2847590446472168,-1.6382525602923792,-6.982828538405094e-37,-0.0034407861530780792,1.1572213172912598,-6.793739157728851e-05,-0.011736767366528511,0.7790428996086121,9.45095089264214e-05,-0.01078210398554802
86.0,111.0,2.0608,-0.4289,9.1998,-0.031,0.006,-0.1115,-2.0237332783141078,0.0005181758897379041,4.014935493469238,-1.3434998989105225,-0.0,2.123910903930664,4.6513258653828125,8.183887257473543e-05,0.2899085283279419,-1.6382644812213343,-1.943699060911024e-40,-0.003156250575557351,1.1571767330169678,-7.713131344644353e-05,-0.013458453118801117,0.7790346145629883,8.979478297987953e-05,0.0021001100540161133
86.0,111.0,2.0608,-0.4289,9.1998,-0.031,0.006,-0.1115,-2.0237332783141078,0.0003996766172349453,4.048794746398926,-1.3434998989105225,-0.0,2.150578022003174,4.651293440456055,7.876997551647946e-05,0.2798033356666565,-1.638240162526266,-5.465064010866787e-44,-0.0007791445823386312,1.1572136878967285,-7.475324673578143e-05,-0.03816450387239456,0.7790148258209229,8.552814688300714e-05,-0.050389498472213745
86.0,111.0,2.0608,-0.4289,9.1998,-0.031,0.006,-0.1115,-2.0237332783141078,0.0004199286049697548,3.9662439823150635,-1.3434513807296753,-0.0,2.186577796936035,4.65127341329541,7.592217298224568e-05,0.2862183749675751,-1.6382282415973108,-0.0,0.008155249059200287,1.1572058200836182,-7.17727598384954e-05,-0.03299928829073906,0.779083251953125,8.164865721482784e-05,0.011640110984444618
86.0,111.0,2.0608,-0.4289,9.1998,-0.031,0.006,-0.1115,-2.023741384545797,0.00036499378620646894,4.0535197257995605,-1.34345543384552,-0.0,2.1097609996795654,4.651301546687744,7.327312778215855e-05,0.28044453263282776,-1.638268772755758,-0.0,0.011814202181994915,1.1571850776672363,-6.90206143190153e-05,-0.02986605279147625,0.7790508270263672,7.810581882949919e-05,-0.006196372210979462
86.0,111.0,2.0608,-0.4289,9.1998,-0.031,0.006,-0.1115,-2.023712774316305,0.00035533879417926073,4.04013729095459,-1.3434637784957886,-0.0,2.146111488342285,4.651329680080078,7.080277282511815e-05,0.28559401631355286,-1.638235870991842,-0.0,0.004341738298535347,1.157241940498352,-6.647180998697877e-05,-0.02277607098221779,0.7790631651878357,7.485767127946019e-05,-0.004995114170014858
86.0,111.0,2.0608,-0.4289,9.1998,-0.031,0.006,-0.1115,-2.0236970386900843,0.00030952860834077,4.030310153961182,-1.3434998989105225,-0.0,2.121472120285034,4.651313944453857,1.1616856454566005e-06,0.2789151966571808,-1.638212029133932,-0.0,0.002477457281202078,1.1571850776672363,-7.478546467609704e-05,-0.017773624509572983,0.7790510654449463,7.186880975496024e-05,-0.020033277571201324
86.0,111.0,2.0608,-0.4289,9.1998,-0.031,0.006,-0.1115,-2.023688932458395,0.0002741672797128558,4.036522388458252,-1.343488097190857,-0.00010055062739411369,2.136660575866699,4.651313944453857,3.233594780827076e-10,0.2879839241504669,-1.6382482687579554,-0.0,0.016721781343221664,1.1571850776672363,-7.221668784040958e-05,-0.030843934044241905,0.7790590524673462,5.7591521908761933e-05,-0.05866032838821411
86.0,111.0,2.0608,-0.4289,9.1998,-0.031,0.006,-0.1115,-2.0236927471556605,0.00023792633146513253,4.061676025390625,-1.3434958457946777,-0.00012501493620220572,2.139493465423584,4.6513258653828125,5.87689839419989e-15,0.2789095342159271,-1.638256851826803,-0.0,0.011915002018213272,1.1571613550186157,-8.992738912638742e-06,-0.02956867218017578,0.7789986729621887,5.4786687542218715e-05,-0.003672666847705841
86.0,111.0,2.0608,-0.4289,9.1998,-0.031,0.006,-0.1115,-2.0236970386900843,0.00018582961638458073,4.038536548614502,-1.343508243560791,-0.0005469025345519185,2.1668121814727783,4.651293917293213,1.6358564710202081e-18,0.30772724747657776,-1.638240162526266,-0.0,0.007134283892810345,1.157180905342102,-2.50316212202506e-09,-0.026468385010957718,0.7790107131004333,5.285612860461697e-05,-0.0637221559882164
86.0,111.0,2.0608,-0.4289,9.1998,-0.031,0.006,-0.1115,-2.023745199243063,0.0001945109834196046,4.040802001953125,-1.3435124158859253,-0.0004902194486930966,2.107706069946289,4.651293440456055,4.553466703649069e-22,0.2725955843925476,-1.638240162526266,-0.0,0.02432447485625744,1.1571323871612549,-6.967644235016113e-13,-0.03021935746073723,0.7790631651878357,4.084628744749352e-05,-0.02378605678677559
86.0,111.0,2.0608,-0.4289,9.1998,-0.031,0.006,-0.1115,-2.023712774316305,0.00020499053061939776,3.991631031036377,-1.3434596061706543,-0.00039745320100337267,2.1298089027404785,4.651285334224365,1.2674741562941122e-25,0.29005491733551025,-1.6382320562945765,-0.0,0.011318840086460114,1.157128095626831,-1.9394693387783006e-16,-0.01936662755906582,0.7790068984031677,4.600602096616058e-06,-0.05282234400510788
86.0,111.0,2.0608,-0.4289,9.1998,-0.031,0.006,-0.1115,-2.0236851177611292,0.00021638769248966128,4.0455474853515625,-1.3434194326400757,-0.0003341930278111249,2.1404240131378174,4.651322050685547,3.5280602085353834e-29,0.28989365696907043,-1.6382845083819788,-0.0,-0.006065754219889641,1.1571406126022339,-5.398583928069678e-20,-0.023711074143648148,0.7790713906288147,1.1109912469164929e-11,0.0012441202998161316
86.0,111.0,2.0608,-0.4289,9.1998,-0.031,0.006,-0.1115,-2.0236855945982875,0.0003048838989343494,4.032697677612305,-1.343508243560791,-0.00032949435990303755,2.1423747539520264,4.651313944453857,9.820486087004393e-33,0.29245081543922424,-1.6382806936847132,-0.0,0.007855277508497238,1.157233715057373,-1.5027158111683425e-23,-0.025645248591899872,0.7790228128433228,2.6829131675208297e-17,0.010964259505271912
86.0,111.0,2.0608,-0.4289,9.1998,-0.031,0.006,-0.1115,-2.02370085338735,0.00030421902192756534,4.007962226867676,-1.3435527086257935,-0.00028971716528758407,2.166393280029297,4.651277704829834,2.7335680246244256e-36,0.2949249744415283,-1.6382482687579554,-0.0,0.010817143134772778,1.1571404933929443,-4.182865231270428e-27,-0.031038295477628708,0.779039204120636,6.478919663289963e-23,-0.022126391530036926
83.0,112.0,1.8359,-0.5043,9.4241,-0.0402,0.0188,-0.1219,-2.0237132511534632,0.00034636567579582334,4.040515422821045,-1.3435124158859253,-0.00025850909878499806,2.105299234390259,4.6513096529194335,7.60898059636054e-40,0.2780956029891968,-1.6382764021502894,-0.0,0.0090401079505682,1.1571850776672363,-7.426609954563901e-05,-0.033615149557590485,0.7790230512619019,1.5645828756201708e-28,-0.014458755031228065
83.0,112.0,1.8359,-0.5043,9.4241,-0.0402,0.0188,-0.1219,-2.0236975155272425,0.00043219159124419093,4.042707443237305,-1.3434637784957886,-0.00019266856543254107,2.164297580718994,4.65130536138501,2.1159606811304738e-43,0.29081279039382935,-1.6382721106158655,-0.0,0.0020780896302312613,1.157119870185852,-7.110449223546311e-05,-0.026986896991729736,0.7790510654449463,3.7782838147288335e-34,0.005382525734603405
83.0,112.0,1.8359,-0.5043,9.4241,-0.0402,0.0188,-0.1219,-2.0237094364561976,0.0004026633396279067,4.058079719543457,-1.343519687652588,-0.0001993023179238662,2.1168618202209473,4.651321573848389,0.0,0.2693365812301636,-1.6382764021502894,-0.0,0.006326805800199509,1.1571364402770996,-6.7886445322074e-05,-0.03517751023173332,0.7790713906288147,9.124106534942462e-40,-0.026525316759943962
83.0,112.0,1.8359,-0.5043,9.4241,-0.0402,0.0188,-0.1219,-2.0237213573851527,0.0003617987094912678,4.071577548980713,-1.343471646308899,-0.00023439872893504798,2.2096199989318848,4.651301546687744,0.0,0.287854939699173,-1.6382845083819788,-0.0,0.007735469378530979,1.1571364402770996,-6.40231155557558e-05,-0.027553405612707138,0.7790470123291016,0.0,-0.00640836451202631
83.0,112.0,1.8359,-0.5043,9.4241,-0.0402,0.0188,-0.1219,-2.0237094364561976,0.00030864402651786804,3.989785671234131,-1.3435362577438354,-0.0004192966443952173,2.1072945594787598,4.651341601009033,0.0,0.2983551025390625,-1.6382721106158655,-0.0,0.0069456459023058414,1.1571810245513916,-6.140227924333885e-05,-0.02657005563378334,0.7789986729621887,0.0,0.013728694058954716
83.0,112.0,1.8359,-0.5043,9.4241,-0.0402,0.0188,-0.1219,-2.023673196832174,0.00030734765459783375,4.046179294586182,-1.3435237407684326,-0.00039331099833361804,2.1768434047698975,4.65132920324292,0.0,0.28875890374183655,-1.6382601896869105,-2.188645176204318e-08,0.006634947378188372,1.1571855545043945,-5.8987625379813835e-05,-0.041048306971788406,0.7790350914001465,0.0,-0.030977865681052208
83.0,112.0,1.8359,-0.5043,9.4241,-0.0402,0.0188,-0.1219,-2.0236932239928187,0.00027260073693469167,4.045504093170166,-1.3435362577438354,-0.0003763017593882978,2.1518030166625977,4.6512815195271,0.0,0.292336106300354,-1.638240162526266,-6.092174507921211e-12,0.008139517158269882,1.1571731567382812,-5.6755718105705455e-05,-0.034149736166000366,0.7790107131004333,0.0,-0.006558678112924099
83.0,112.0,1.8359,-0.5043,9.4241,-0.0402,0.0188,-0.1219,-2.023705144921774,0.0002169183862861246,4.002795219421387,-1.3435320854187012,-0.0003193029551766813,2.1146953105926514,4.6513377863117675,0.0,0.3031747341156006,-1.6382721106158655,-1.695779124523541e-15,-0.004732978530228138,1.1571614742279053,-5.468650488182902e-05,-0.02386905997991562,0.7790228724479675,0.0,-0.005105628166347742
83.0,112.0,1.8359,-0.5043,9.4241,-0.0402,0.0188,-0.1219,-2.023673196832174,0.0002274102735100314,4.022965431213379,-1.343500018119812,-0.000277157494565472,2.1220338344573975,4.651285811061523,0.0,0.29262101650238037,-1.6383326689349573,-4.720264289515342e-19,0.002536939922720194,1.1571768522262573,-5.276290175970644e-05,-0.029484407976269722,0.7790148854255676,0.0,-0.00290816742926836
83.0,112.0,1.8359,-0.5043,9.4241,-0.0402,0.0188,-0.1219,-2.0236646137633265,0.0002652314433362335,3.9949679374694824,-1.343500018119812,-0.00024484138702973723,2.106253147125244,4.651265307063721,0.0,0.2849932909011841,-1.6382806936847132,-1.3139027423645985e-22,0.0044127535074949265,1.1571810245513916,-5.097003668197431e-05,-0.025226600468158722,0.7789987325668335,0.0,-0.03391540050506592
83.0,112.0,1.8359,-0.5043,9.4241,-0.0402,0.0188,-0.1219,-2.0236855945982875,0.0003784601576626301,4.0399370193481445,-1.3435362577438354,-0.00021927540365140885,2.166666030883789,4.6513377863117675,0.0,0.2899785041809082,-1.6382482687579554,-3.6572968991142333e-26,0.006378719583153725,1.1571934223175049,-6.419853889383376e-06,-0.03950654715299606,0.7790590524673462,0.0,-0.049273669719696045
83.0,112.0,1.8359,-0.5043,9.4241,-0.0402,0.0188,-0.1219,-2.0236813030638636,0.00030269246781244874,4.034510612487793,-1.3435522317886353,-0.00022576141054742038,2.1524574756622314,4.651345892543457,0.0,0.28082752227783203,-1.638268772755758,-1.0180218926256804e-29,0.0038443300873041153,1.1571731567382812,-1.7869901114409004e-09,-0.027127869427204132,0.7790470123291016,0.0,-0.057582538574934006
83.0,112.0,1.8359,-0.5043,9.4241,-0.0402,0.0188,-0.1219,-2.023729463616842,0.00023850800062064081,3.9907724857330322,-1.3435362577438354,-0.00020150486670900136,2.181666135787964,4.651285334224365,0.0,0.2800910770893097,-1.6382601896869105,-1.85020457534839e-34,0.014142602682113647,1.157148838043213,-3.247766571195902e-14,-0.03226013481616974,0.779071033000946,0.0,-0.04345731437206268
83.0,112.0,1.8359,-0.5043,9.4241,-0.0402,0.0188,-0.1219,-2.023648878137106,0.0002057840465568006,4.015560626983643,-1.3435440063476562,-0.00018099274893756956,2.103261947631836,4.6513096529194335,0.0,0.28003793954849243,-1.6382563749896448,-5.150112652180227e-38,0.006661482620984316,1.1571571826934814,-9.040277594107353e-18,-0.036753732711076736,0.7790271043777466,0.0,-0.020765511319041252
83.0,112.0,1.8359,-0.5043,9.4241,-0.0402,0.0188,-0.1219,-2.023688932458395,0.0001809568057069555,4.008724212646484,-1.3435440063476562,-0.0007588925072923303,2.1765029430389404,4.6512815195271,0.0,0.2810031771659851,-1.6382482687579554,-1.4335283290042879e-41,0.016307048499584198,1.1571204662322998,-2.516394696950157e-21,-0.031832270324230194,0.7790995836257935,0.0,-0.0538615956902504
84.0,110.0,2.053,-0.5689,9.1944,-0.0389,0.018,-0.1213,-2.0236526928343714,0.0001614762149984017,3.994385242462158,-1.3435114622116089,-0.000847937015350908,2.1405270099639893,4.651333971614502,0.0,0.2807283401489258,-1.6382444540606897,-4.203895392974451e-45,0.0004983205581083894,1.1571608781814575,-7.004477415465565e-25,-0.03682553023099899,0.7790631651878357,0.0,-0.028914768248796463
84.0,110.0,2.053,-0.5689,9.1944,-0.0389,0.018,-0.1213,-2.0236855945982875,0.00014578193076886237,4.036955833435059,-1.3435522317886353,-0.00083367177285254,2.1083030700683594,4.651305838222168,0.0,0.28548184037208557,-1.6382725874530237,-0.0,-0.006795994006097317,1.1571364402770996,-1.9497219199552236e-28,-0.0237283892929554,0.7790027856826782,0.0,-0.04746265336871147
84.0,110.0,2.053,-0.5689,9.1944,-0.0389,0.018,-0.1213,-2.0236526928343714,0.00013286883768159896,4.012252330780029,-1.3435198068618774,-0.0006643445231020451,2.1322412490844727,4.651277704829834,0.0,0.28211671113967896,-1.6383007208453577,-0.0,0.005463975016027689,1.1572016477584839,-5.427122235896157e-32,-0.02581154927611351,0.7790873050689697,0.0,0.01364055834710598
84.0,110.0,2.053,-0.5689,9.1944,-0.0389,0.018,-0.1213,-2.023689409295553,0.00012205675739096478,4.026418685913086,-1.3435280323028564,-0.000505453790538013,2.129875421524048,4.65127341329541,0.0,0.2904386520385742,-1.6382764021502894,-0.0,0.003856963012367487,1.1571650505065918,-1.5106593299949334e-35,-0.022204753011465073,0.7791115045547485,1.7338605857730727e-06,-0.07615714520215988
84.0,110.0,2.053,-0.5689,9.1944,-0.0389,0.018,-0.1213,-2.023673196832174,0.00013534011668525636,4.055365562438965,-1.3435760736465454,-0.00040737580275163054,2.1397128105163574,4.651285811061523,0.0,0.29385876655578613,-1.6382563749896448,-0.0,0.0026957099325954914,1.1571650505065918,-4.2049757940904456e-39,-0.035999178886413574,0.7790388464927673,4.187069094219176e-12,-0.0029250234365463257
84.0,110.0,2.053,-0.5689,9.1944,-0.0389,0.018,-0.1213,-2.0237375698485316,0.00012596773740369827,4.055258750915527,-1.3435399532318115,-0.0003411819343455136,2.1053147315979004,4.651362581843994,0.0,0.283572793006897,-1.6382964293109339,-0.0,0.006979529745876789,1.157116413116455,-1.1700842177112223e-42,-0.04102175682783127,0.7790549993515015,1.0111279618377737e-17,-0.026203863322734833
84.0,110.0,2.053,-0.5689,9.1944,-0.0389,0.018,-0.1213,-2.023689409295553,0.00011772879952332005,4.011684894561768,-1.3435440063476562,-0.0002934931544587016,2.166851282119751,4.6513258653828125,0.0,0.28151628375053406,-1.6382883230792444,-0.0,0.01738179288804531,1.1571364402770996,-0.0,-0.03916610777378082,0.7790713906288147,2.4417551645877182e-23,-0.012146474793553352
84.0,110.0,2.053,-0.5689,9.1944,-0.0389,0.018,-0.1213,-2.0236975155272425,0.00010828557424247265,4.0573906898498535,-1.343548059463501,-0.0002473905624356121,2.1073150634765625,4.651289625758789,0.0,0.28744789958000183,-1.6382563749896448,-0.0,0.0003229652065783739,1.1571567058563232,-0.0,-0.023281488567590714,0.7790791392326355,7.910974477926603e-31,-0.004459418822079897
84.0,110.0,2.053,-0.5689,9.1944,-0.0389,0.018,-0.1213,-2.0236526928343714,0.00011893172631971538,4.075009346008301,-1.3435033559799194,-0.00022131713922135532,2.1711795330047607,4.65135829030957,0.0,0.2880657911300659,-1.6382721106158655,-0.0,0.01988682709634304,1.1571850776672363,-0.0,-0.026430565863847733,0.7790388464927673,1.910407370728002e-36,0.015421923249959946
84.0,110.0,2.053,-0.5689,9.1944,-0.0389,0.018,-0.1213,-2.0236932239928187,0.00011276575241936371,4.038010597229004,-1.3435559272766113,-0.00020021613454446197,2.1043543815612793,4.651345892543457,0.0,0.28854289650917053,-1.6382563749896448,-0.0,0.0016604294069111347,1.1571650505065918,-0.0,-0.030100218951702118,0.7790351510047913,4.613074544557298e-42,-0.013330493122339249
84.0,110.0,2.053,-0.5689,9.1944,-0.0389,0.018,-0.1213,-2.02370085338735,0.00010701907012844458,4.065555095672607,-1.3435114622116089,-0.00020854057220276445,2.1915695667266846,4.651289625758789,0.0,0.29257071018218994,-1.6382764021502894,-0.0,0.01863444223999977,1.1571323871612549,-0.0,-0.035714343190193176,0.7790388464927673,0.0,0.016347622498869896
84.0,110.0,2.053,-0.5689,9.1944,-0.0389,0.018,-0.1213,-2.0236689052977503,0.0001018297189148143,4.038654804229736,-1.3435198068618774,-0.00019217372755520046,2.1100449562072754,4.651317282313965,0.0,0.28194689750671387,-1.6382444540606897,-0.0,0.01793670281767845,1.1571245193481445,-0.0,-0.046464599668979645,0.7790791392326355,0.0,-0.006963210646063089
84.0,110.0,2.053,-0.5689,9.1944,-0.0389,0.018,-0.1213,-2.0236975155272425,9.712045721244067e-05,4.037678241729736,-1.3435440063476562,-0.00017792671860661358,2.1364612579345703,4.651362105006836,0.0,0.28655755519866943,-1.638240162526266,-0.0,-0.0009617756586521864,1.1572177410125732,-0.0,-0.03490987420082092,0.7790470123291016,0.0,-0.0733540952205658
84.0,110.0,2.053,-0.5689,9.1944,-0.0389,0.018,-0.1213,-2.023673196832174,9.282741666538641e-05,4.054138660430908,-1.3435440063476562,-0.0001656463573453948,2.129122018814087,4.651301546687744,0.0,0.293291300535202,-1.6382806936847132,-0.0,0.016905706375837326,1.1571850776672363,-0.0,-0.02747734822332859,0.7790387868881226,0.0,-0.010345779359340668
86.0,114.0,1.8843,-0.3751,9.3787,-0.0408,0.0224,-0.1103,-2.023660799066061,0.00010159755765926093,4.007126808166504,-1.343559980392456,-0.00015495182015001774,2.0770368576049805,4.651350184077881,0.0,0.2843065559864044,-1.6382806936847132,-0.0,0.008199263364076614,1.1571128368377686,-0.0,-0.021030522882938385,0.779103696346283,0.0,-0.03393877297639847
86.0,114.0,1.8843,-0.3751,9.3787,-0.0408,0.0224,-0.1103,-2.023717542687887,7.119216024875641e-05,4.029973983764648,-1.3435559272766113,-0.00014555441157426685,2.183631420135498,4.651329680080078,0.0,0.28385961055755615,-1.6382644812213343,-0.0,-0.009622858837246895,1.157149076461792,-0.0,-0.0361706018447876,0.779075026512146,0.0,-0.038506124168634415
86.0,114.0,1.8843,-0.3751,9.3787,-0.0408,0.0224,-0.1103,-2.0236855945982875,6.795358058298007e-05,4.05990743637085,-1.3435522317886353,-0.00013723176380153745,2.158358335494995,4.651302023524902,0.0,0.292871356010437,-1.638252083455221,-0.0,0.005072381347417831,1.1571531295776367,-0.0,-0.029030440375208855,0.7790590524673462,0.0,-0.03260819613933563
86.0,114.0,1.8843,-0.3751,9.3787,-0.0408,0.0224,-0.1103,-2.023717542687887,6.408279296010733e-05,4.084689140319824,-1.3435879945755005,-0.00012751050235237926,2.110450267791748,4.651321573848389,0.0,0.2965058982372284,-1.6382601896869105,-0.0,0.014097046107053757,1.157189130783081,-0.0,-0.02890029177069664,0.7790749669075012,0.0,0.00502376165241003
86.0,114.0,1.8843,-0.3751,9.3787,-0.0408,0.0224,-0.1103,-2.0236689052977503,6.145731458673254e-05,4.028906345367432,-1.3435564041137695,-0.00012107782094972208,2.1697845458984375,4.651341601009033,0.0,0.28387290239334106,-1.6382926146136683,-0.0,0.0032242676243185997,1.1571240425109863,-0.0,-0.03243975341320038,0.7790549397468567,0.0,-0.018075283616781235
86.0,114.0,1.8843,-0.3751,9.3787,-0.0408,0.0224,-0.1103,-2.023656507531637,5.9038447943748906e-05,4.081933498382568,-1.3435157537460327,-0.00011526295566000044,2.1809518337249756,4.651377840633057,0.0,0.27806875109672546,-1.6382721106158655,-0.0,0.00544016296043992,1.1572093963623047,-0.0,-0.020319197326898575,0.7790467143058777,0.0,-0.009317352436482906
86.0,114.0,1.8843,-0.3751,9.3787,-0.0408,0.0224,-0.1103,-2.023673196832174,5.6802775361575186e-05,4.0557146072387695,-1.3435518741607666,-0.0001099811343010515,2.1225948333740234,4.65129725515332,0.0,0.2791084051132202,-1.6382644812213343,-0.0,0.013142634183168411,1.1571850776672363,-0.0,-0.02826743945479393,0.7790346741676331,0.0,-0.05198252946138382
86.0,114.0,1.8843,-0.3751,9.3787,-0.0408,0.0224,-0.1103,-2.023661275903219,5.473026249092072e-05,3.991769552230835,-1.3435719013214111,-7.018403266556561e-05,2.115185499191284,4.651341601009033,0.0,0.2810640335083008,-1.6382926146136683,-0.0,0.0038037621416151524,1.157149076461792,-0.0,-0.023370565846562386,0.7790428996086121,0.0,-0.04411377012729645
86.0,114.0,1.8843,-0.3751,9.3787,-0.0408,0.0224,-0.1103,-2.023701330224508,5.280367986415513e-05,4.023225784301758,-1.3435198068618774,-6.704679253743961e-05,2.1450557708740234,4.651261015529297,0.0,0.2694133222103119,-1.6382764021502894,-0.0,-0.0077768294140696526,1.157221794128418,-0.0,-0.03777877986431122,0.7790590524673462,0.0,-0.04268626868724823
86.0,114.0,1.8843,-0.3751,9.3787,-0.0408,0.0224,-0.1103,-2.0236855945982875,5.100812268210575e-05,4.027058124542236,-1.343612790107727,-6.417823169613257e-05,2.1441807746887207,4.651322050685547,0.0,0.27830493450164795,-1.638235870991842,-0.0,0.014386549592018127,1.1571934223175049,-0.0,-0.0338442400097847,0.7790672183036804,0.0,0.026051996275782585
86.0,114.0,1.8843,-0.3751,9.3787,-0.0408,0.0224,-0.1103,-2.0236855945982875,5.745395810663467e-06,4.0556864738464355,-1.3435156345367432,-6.154503353172913e-05,2.160571336746216,4.651302023524902,0.0,0.2989286780357361,-1.6382482687579554,-0.0,0.010399756021797657,1.1571691036224365,-0.0,-0.014429446309804916,0.7790269255638123,0.0,-0.03831404820084572
86.0,114.0,1.8843,-0.3751,9.3787,-0.0408,0.0224,-0.1103,-2.023673196832174,1.3874454536655367e-11,4.048953533172607,-1.3435879945755005,-5.9119396610185504e-05,2.1065611839294434,4.65127341329541,0.0,0.29289525747299194,-1.6382721106158655,-0.0,0.002909183967858553,1.1571404933929443,-0.0,-0.021606124937534332,0.7790310382843018,0.0,-0.056745495647192
86.0,114.0,1.8843,-0.3751,9.3787,-0.0408,0.0224,-0.1103,-2.023717542687887,3.350517239586455e-17,4.036805152893066,-1.3435440063476562,-5.6877692259149626e-05,2.150282859802246,4.651353998775146,0.0,0.2841799557209015,-1.6382563749896448,-0.0,0.01230708695948124,1.157172679901123,-0.0,-0.02584896609187126,0.7790230512619019,0.0,-0.024854805320501328
86.0,114.0,1.8843,-0.3751,9.3787,-0.0408,0.0224,-0.1103,-2.023648878137106,1.0855250648343094e-24,4.073802947998047,-1.3435559272766113,-5.4140571592142805e-05,2.15818190574646,4.651321573848389,0.0,0.27411720156669617,-1.6383326689349573,-0.0,0.016701987013220787,1.1571080684661865,-0.0,-0.016094449907541275,0.779075026512146,0.0,-0.01997486501932144
86.0,114.0,1.8843,-0.3751,9.3787,-0.0408,0.0224,-0.1103,-2.023660799066061,2.6214154088309052e-30,4.033977508544922,-1.3435678482055664,-6.270535959629342e-05,2.155212879180908,4.651289625758789,0.0,0.2911332845687866,-1.638256851826803,-0.0,0.01147417351603508,1.1572017669677734,-0.0,-0.030069466680288315,0.7790510654449463,0.0,-0.02674446441233158
88.0,110.0,1.9759,-0.4193,9.1956,-0.0351,0.0224,-0.1182,-2.02367701152944,6.33041016088116e-36,3.959242820739746,-1.3435719013214111,-6.059456791263074e-05,2.191051721572876,4.651313944453857,0.0,0.2779298424720764,-1.638268772755758,-0.0,0.018714668229222298,1.1571204662322998,-0.0,-0.028479328379034996,0.7790310382843018,0.0,-0.019818494096398354
88.0,110.0,1.9759,-0.4193,9.1956,-0.0351,0.0224,-0.1182,-2.0236689052977503,1.528676494731943e-41,4.037008762359619,-1.3435477018356323,-9.260462263682712e-08,2.142857074737549,4.65129725515332,0.0,0.28134721517562866,-1.6382806936847132,-0.0,0.005162183661013842,1.15720534324646,-0.0,-0.008208599872887135,0.7790590524673462,0.0,-0.07340734452009201
88.0,110.0,1.9759,-0.4193,9.1956,-0.0351,0.0224,-0.1182,-2.0236689052977503,0.0,4.049761772155762,-1.3435440063476562,-2.2362930192539043e-13,2.1971147060394287,4.651317759151123,0.0,0.26931580901145935,-1.6382563749896448,-0.0,0.004670879803597927,1.1571731567382812,-0.0,-0.034013789147138596,0.7790913581848145,0.0,-0.018703080713748932
88.0,110.0,1.9759,-0.4193,9.1956,-0.0351,0.0224,-0.1182,-2.0236689052977503,0.0,4.070991516113281,-1.3436086177825928,-5.40038459686563e-19,2.114366054534912,4.651289625758789,0.0,0.28817200660705566,-1.6382563749896448,-0.0,0.0016354003455489874,1.1571810245513916,-0.0,-0.02641197107732296,0.7790269255638123,0.0,0.04338165372610092
88.0,110.0,1.9759,-0.4193,9.1956,-0.0351,0.0224,-0.1182,-2.0236526928343714,0.0,4.075547218322754,-1.3435559272766113,-1.3041292685084986e-24,2.1642298698425293,4.6513258653828125,0.0,0.283202588558197,-1.6382444540606897,-0.0,0.001276504946872592,1.157160758972168,-0.0,-0.03112092614173889,0.7790187001228333,0.0,-0.026423379778862
88.0,110.0,1.9759,-0.4193,9.1956,-0.0351,0.0224,-0.1182,-2.023620744744772,0.0,4.02143669128418,-1.3435522317886353,-3.1493182608812344e-30,2.1320974826812744,4.651333494777344,0.0,0.2894305884838104,-1.638235870991842,-0.0,0.006031933706253767,1.157177448272705,-0.0,-0.015273299999535084,0.7790631651878357,0.0,0.00792014691978693
88.0,110.0,1.9759,-0.4193,9.1956,-0.0351,0.0224,-0.1182,-2.023656507531637,0.0,3.9736580848693848,-1.3435440063476562,-7.605232492911266e-36,2.1164703369140625,4.6512977319904785,0.0,0.27868491411209106,-1.6383007208453577,-0.0,0.01006669644266367,1.1571810245513916,-0.0,-0.03707532957196236,0.779066801071167,0.0,0.03161424398422241
88.0,110.0,1.9759,-0.4193,9.1956,-0.0351,0.0224,-0.1182,-2.0236689052977503,0.0,4.041262626647949,-1.3434877395629883,-1.8365417673441053e-41,2.160674571990967,4.651261015529297,0.0,0.29132428765296936,-1.6382926146136683,-0.0,6.600239430554211e-06,1.1571650505065918,-0.0,-0.01642930880188942,0.7790954113006592,0.0,0.004192735068500042
88.0,110.0,1.9759,-0.4193,9.1956,-0.0351,0.0224,-0.1182,-2.0236932239928187,0.0,4.035654067993164,-1.3435636758804321,-0.0,2.1390228271484375,4.651321573848389,0.0,0.2815762162208557,-1.6382563749896448,-0.0,0.0042875176295638084,1.1571531295776367,-0.0,-0.028807464987039566,0.7790551781654358,0.0,-0.022154426202178
88.0,110.0,1.9759,-0.4193,9.1956,-0.0351,0.0224,-0.1182,-2.0236526928343714,0.0,4.029881954193115,-1.343559980392456,-0.0,2.175241231918335,4.6512977319904785,0.0,0.2700149714946747,-1.6382277647601526,-0.0,0.0030463102739304304,1.1571567058563232,-0.0,-0.01645733416080475,0.7790590524673462,0.0,-0.003311402862891555
88.0,110.0,1.9759,-0.4193,9.1956,-0.0351,0.0224,-0.1182,-2.0237132511534632,0.0,4.0258636474609375,-1.3435678482055664,-0.0,2.1180343627929688,4.651374025935791,0.0,0.27866658568382263,-1.6382887999164026,-0.0,0.007727217394858599,1.1571364402770996,-0.0,-0.03512877598404884,0.7790590524673462,0.0,-0.03699449449777603
88.0,110.0,1.9759,-0.4193,9.1956,-0.0351,0.0224,-0.1182,-2.023660799066061,0.0,3.997469425201416,-1.3435399532318115,-0.0,2.1620445251464844,4.6513096529194335,0.0,0.2916228771209717,-1.6382964293109339,-0.0,0.007604328915476799,1.1571691036224365,-0.0,-0.017638694494962692,0.7790148854255676,0.0,-0.023867018520832062
88.0,110.0,1.9759,-0.4193,9.1956,-0.0351,0.0224,-0.1182,-2.0237094364561976,0.0,4.0295562744140625,-1.3436005115509033,-0.0,2.1571459770202637,4.6513258653828125,0.0,0.28593218326568604,-1.6382764021502894,-0.0,0.010319933295249939,1.1571731567382812,-0.0,-0.022738482803106308,0.7790551781654358,0.0,-0.03854060173034668
88.0,110.0,1.9759,-0.4193,9.1956,-0.0351,0.0224,-0.1182,-2.0237094364561976,0.0,4.0467610359191895,-1.3435399532318115,-0.0,2.142967939376831,4.651302023524902,0.0,0.2918088436126709,-1.6382482687579554,-0.0,0.005244443658739328,1.1572260856628418,-0.0,-0.03390604630112648,0.7790913581848145,0.0,-0.023578345775604248
88.0,110.0,1.9759,-0.4193,9.1956,-0.0351,0.0224,-0.1182,-2.0236646137633265,0.0,4.046528339385986,-1.3435440063476562,-0.0,2.195359230041504,4.6513096529194335,0.0,0.2956681549549103,-1.6382764021502894,-9.319134619545366e-08,0.0010449467226862907,1.1571691036224365,-0.0,-0.011371472850441933,0.7790590524673462,0.0,0.0075898622162640095
83.0,113.0,2.0806,-0.347,9.1472,-0.0293,0.0223,-0.1211,-2.0237332783141078,0.0,4.008346080780029,-1.3435920476913452,-0.0,2.1398067474365234,4.651285334224365,0.0,0.2902821898460388,-1.6382320562945765,-2.5940156272996617e-11,0.0004811907419934869,1.1571934223175049,-0.0,-0.028289180248975754,0.7790955305099487,0.0,-0.005793962627649307
83.0,113.0,2.0806,-0.347,9.1472,-0.0293,0.0223,-0.1211,-2.0236813030638636,0.0,4.004514217376709,-1.3435440063476562,-0.0,2.17311429977417,4.6513258653828125,0.0,0.28581008315086365,-1.6382363478290003,-7.220538288099914e-15,-0.006459787022322416,1.157149076461792,-0.0,-0.028042789548635483,0.7790590524673462,0.0,-0.004140839446336031
83.0,113.0,2.0806,-0.347,9.1472,-0.0293,0.0223,-0.1211,-2.0236526928343714,0.0,4.049394607543945,-1.3435759544372559,-0.0,2.107748508453369,4.6513096529194335,0.0,0.27701255679130554,-1.6382601896869105,7.118115900084376e-05,0.0008103876607492566,1.1571650505065918,-0.0,-0.016936663538217545,0.7790551781654358,0.0,-0.01964316889643669
83.0,113.0,2.0806,-0.347,9.1472,-0.0293,0.0223,-0.1211,-2.023660799066061,0.0,4.069211006164551,-1.3435839414596558,-0.0,2.150153636932373,4.651293440456055,0.0,0.27561038732528687,-1.638268772755758,7.89540735013361e-08,0.0008902726112864912,1.157172679901123,-0.0,-0.018270328640937805,0.779083251953125,0.0,-0.03654112294316292
83.0,113.0,2.0806,-0.347,9.1472,-0.0293,0.0223,-0.1211,-2.023693700829977,0.0,4.021214962005615,-1.3435636758804321,-0.0,2.1353647708892822,4.651289625758789,0.0,0.2792745530605316,-1.6382887999164026,2.1977154471275462e-11,0.01573583297431469,1.1571614742279053,-0.0,-0.015026671811938286,0.7790470123291016,0.0,-0.03842732310295105
83.0,113.0,2.0806,-0.347,9.1472,-0.0293,0.0223,-0.1211,-2.0236813030638636,0.0,4.01828670501709,-1.3435722589492798,-0.0,2.1286540031433105,4.651285334224365,0.0,0.2799432575702667,-1.6382644812213343,6.117421869902221e-15,-0.0011967656901106238,1.157152771949768,-0.0,-0.017891626805067062,0.7790428996086121,0.0,0.018985170871019363
83.0,113.0,2.0806,-0.347,9.1472,-0.0293,0.0223,-0.1211,-2.023717542687887,0.0,3.9918551445007324,-1.343559980392456,-0.0,2.203853130340576,4.6513096529194335,0.0,0.28148967027664185,-1.6383045355426233,1.702806815439025e-18,0.00541340745985508,1.1571613550186157,-0.0,-0.02628793939948082,0.7790996432304382,0.0,0.006936066318303347
83.0,113.0,2.0806,-0.347,9.1472,-0.0293,0.0223,-0.1211,-2.0236813030638636,0.0,4.0322418212890625,-1.3435760736465454,-0.0,2.089138984680176,4.651313944453857,0.0,0.280439555644989,-1.6382764021502894,4.739825184414564e-22,-0.004817781504243612,1.1571613550186157,-0.0,-0.02640470489859581,0.778994619846344,0.0,-0.002399272285401821
83.0,113.0,2.0806,-0.347,9.1472,-0.0293,0.0223,-0.1211,-2.023660799066061,0.0,4.045901775360107,-1.3435839414596558,-0.0,2.2001049518585205,4.6513258653828125,0.0,0.28530067205429077,-1.6382845083819788,1.3193478005286993e-25,0.0028889160603284836,1.1571571826934814,-0.0,-0.019600454717874527,0.7790470719337463,0.0,-0.027754025533795357
83.0,113.0,2.0806,-0.347,9.1472,-0.0293,0.0223,-0.1211,-2.0236689052977503,0.0,4.020423889160156,-1.3435359001159668,-0.0,2.1094884872436523,4.651257200832031,0.0,0.28836238384246826,-1.638223950062887,3.672454097776832e-29,-0.004313767421990633,1.157189130783081,-0.0,-0.027896400541067123,0.7790791392326355,0.0,-0.021679826080799103
83.0,113.0,2.0806,-0.347,9.1472,-0.0293,0.0223,-0.1211,-2.0236646137633265,0.0,4.055729866027832,-1.3435559272766113,-0.0,2.1342577934265137,4.6513377863117675,0.0,0.2909325063228607,-1.638268772755758,1.0222411850121519e-32,-0.00272889481857419,1.1571810245513916,-0.0,-0.017821820452809334,0.7790833115577698,0.0,0.04749754071235657
83.0,113.0,2.0806,-0.347,9.1472,-0.0293,0.0223,-0.1211,-2.0236813030638636,0.0,4.0144500732421875,-1.3435636758804321,-0.0,2.1864805221557617,4.6513258653828125,0.0,0.2953283190727234,-1.6382444540606897,2.8454453622554744e-36,0.00708480179309845,1.1571934223175049,-0.0,-0.02486894279718399,0.7790510654449463,0.0,0.0031858677975833416
83.0,113.0,2.0806,-0.347,9.1472,-0.0293,0.0223,-0.1211,-2.0236407719054164,0.0,4.0299835205078125,-1.3435477018356323,-0.0,2.18114972114563,4.651321573848389,0.0,0.29332470893859863,-1.638268772755758,5.171491982590737e-41,-1.6244594007730484e-05,1.1571530103683472,-0.0,-0.028291739523410797,0.7790511250495911,0.0,0.011215785518288612
83.0,113.0,2.0806,-0.347,9.1472,-0.0293,0.0223,-0.1211,-2.0236689052977503,0.0,4.068276405334473,-1.3435759544372559,-0.0,2.173487901687622,4.6512977319904785,0.0,0.28357911109924316,-1.6382764021502894,1.401298464324817e-44,0.005247069057077169,1.1571810245513916,-0.0,-0.02512434311211109,0.7790310382843018,0.0,0.00865710899233818
83.0,113.0,2.0806,-0.347,9.1472,-0.0293,0.0223,-0.1211,-2.023656507531637,0.0,4.028853416442871,-1.3436005115509033,-0.0,2.1387698650360107,4.651321573848389,0.0,0.28618574142456055,-1.6382320562945765,0.0,0.011990781873464584,1.1571323871612549,-0.0,-0.023353848606348038,0.7790631651878357,0.0,0.019350599497556686
83.0,111.0,2.1942,-0.387,8.8684,-0.0426,0.0339,-0.1306,-2.0236689052977503,0.0,4.0267534255981445,-1.343559980392456,-0.0,2.1722304821014404,4.651302023524902,0.0,0.2881617844104767,-1.6383007208453577,0.0,0.009356625378131866,1.157177448272705,-0.0,-0.003934488631784916,0.7790428400039673,0.0,-0.017140202224254608
83.0,111.0,2.1942,-0.387,8.8684,-0.0426,0.0339,-0.1306,-2.0236975155272425,0.0,4.043516635894775,-1.3435559272766113,-0.0,2.184551239013672,4.651345892543457,0.0,0.28391993045806885,-1.6382563749896448,0.0,0.006106451153755188,1.157149076461792,-0.0,-0.03548324853181839,0.7789822816848755,0.0,-0.028666574507951736
83.0,111.0,2.1942,-0.387,8.8684,-0.0426,0.0339,-0.1306,-2.0236813030638636,0.0,4.032224655151367,-1.343559980392456,-0.0,2.214432716369629,4.6513096529194335,0.0,0.29430609941482544,-1.6382563749896448,0.0,-0.003056392539292574,1.1571038961410522,-0.0,-0.030627097934484482,0.7790631651878357,0.0,-0.030402008444070816
83.0,111.0,2.1942,-0.387,8.8684,-0.0426,0.0339,-0.1306,-2.023717542687887,0.0,4.013609409332275,-1.343596339225769,-0.0,2.1009328365325928,4.651329680080078,0.0,0.28671690821647644,-1.6382644812213343,0.0,0.007994981482625008,1.1571686267852783,-0.0,-0.029143255203962326,0.7790185809135437,0.0,0.0017782552167773247
83.0,111.0,2.1942,-0.387,8.8684,-0.0426,0.0339,-0.1306,-2.0236689052977503,0.0,3.997159004211426,-1.3435357809066772,-0.0,2.1857481002807617,4.6513377863117675,0.0,0.2889544367790222,-1.6382887999164026,0.0,-0.009781815111637115,1.1571974754333496,-0.0,-0.02054022252559662,0.7790148258209229,0.0,-0.006955903023481369
83.0,111.0,2.1942,-0.387,8.8684,-0.0426,0.0339,-0.1306,-2.0236526928343714,0.0,4.004090309143066,-1.3435678482055664,-0.0,2.117382287979126,4.651317759151123,0.0,0.2889068126678467,-1.6382644812213343,0.0,0.012820133939385414,1.1571974754333496,-0.0,-0.02438884600996971,0.7790428996086121,0.0,-0.010344769805669785
83.0,111.0,2.1942,-0.387,8.8684,-0.0426,0.0339,-0.1306,-2.0237299404540003,0.0,4.000210762023926,-1.3435554504394531,-0.0,2.199777126312256,4.651302023524902,0.0,0.2881450355052948,-1.6383007208453577,0.0,-0.0026205729227513075,1.157116413116455,-0.0,-0.016852932050824165,0.7790433168411255,0.0,-0.04867883026599884
83.0,111.0,2.1942,-0.387,8.8684,-0.0426,0.0339,-0.1306,-2.023717542687887,0.0,4.055742263793945,-1.3435595035552979,-0.0,2.1272101402282715,4.65130536138501,0.0,0.28927019238471985,-1.6382320562945765,0.0,0.002538165543228388,1.1571323871612549,-0.0,-0.016420407220721245,0.7790470123291016,0.0,-0.0329764299094677
83.0,111.0,2.1942,-0.387,8.8684,-0.0426,0.0339,-0.1306,-2.023717542687887,0.0,4.031876087188721,-1.3435719013214111,-0.0,2.1892640590667725,4.6513377863117675,0.0,0.2788108289241791,-1.6382845083819788,0.0,0.007092837244272232,1.1572017669677734,-0.0,-0.020505575463175774,0.7790590524673462,0.0,-0.03848308324813843
83.0,111.0,2.1942,-0.387,8.8684,-0.0426,0.0339,-0.1306,-2.0236813030638636,0.0,4.023049354553223,-1.3435317277908325,-0.0,2.1394379138946533,4.651293440456055,0.0,0.2797888517379761,-1.6382277647601526,0.0,0.002438453258946538,1.1571691036224365,-0.0,-0.02518768422305584,0.779095470905304,0.0,0.012811553664505482
83.0,111.0,2.1942,-0.387,8.8684,-0.0426,0.0339,-0.1306,-2.023648878137106,0.0,4.02174711227417,-1.3435839414596558,-0.0,2.173652410507202,4.6512815195271,0.0,0.2913114130496979,-1.638308350239889,0.0,0.0076677631586790085,1.1571650505065918,-0.0,-0.04004478082060814,0.7790230512619019,0.0,-0.03649900481104851
83.0,111.0,2.1942,-0.387,8.8684,-0.0426,0.0339,-0.1306,-2.0236689052977503,0.0,4.041723251342773,-1.3435440063476562,-0.0,2.144298553466797,4.65127341329541,0.0,0.2742912769317627,-1.6382887999164026,0.0,0.0037578297778964043,1.1571650505065918,-0.0,-0.009844331070780754,0.7790310382843018,0.0,-0.03239487111568451
83.0,111.0,2.1942,-0.387,8.8684,-0.0426,0.0339,-0.1306,-2.023661275903219,0.0,4.033240795135498,-1.3435518741607666,-0.0,2.1308865547180176,4.651341601009033,0.0,0.28447264432907104,-1.6382845083819788,0.0,-0.0006059419829398394,1.1571199893951416,-0.0,-0.016088273376226425,0.7790913581848145,0.0,0.009615004062652588
83.0,111.0,2.1942,-0.387,8.8684,-0.0426,0.0339,-0.1306,-2.023701330224508,0.0,3.978747844696045,-1.3435559272766113,-0.0,2.1637609004974365,4.651285334224365,0.0,0.284437894821167,-1.6382806936847132,0.0,0.013094455003738403,1.1571933031082153,-0.0,-0.029476406052708626,0.7790189981460571,0.0,-0.010624352842569351
86.0,112.0,2.0638,-0.3894,9.0945,-0.0376,0.0334,-0.1142,-2.0236855945982875,1.040266006668844e-08,4.046442985534668,-1.3435719013214111,-0.0,2.131847858428955,4.651341601009033,0.0,0.2890186607837677,-1.6382444540606897,0.0,-0.003662979230284691,1.157172679901123,-0.0,-0.026811499148607254,0.7791317701339722,0.0,-0.040831197053194046
86.0,112.0,2.0638,-0.3894,9.0945,-0.0376,0.0334,-0.1142,-2.023648878137106,2.5121199811648474e-14,4.064211368560791,-1.3435636758804321,-0.0,2.1903417110443115,4.651309176082275,0.0,0.28409022092819214,-1.6382845083819788,0.0,0.004844348877668381,1.1571810245513916,-0.0,-0.030490901321172714,0.7790269255638123,0.0,-0.003918062429875135
86.0,112.0,2.0638,-0.3894,9.0945,-0.0376,0.0334,-0.1142,-2.0236813030638636,6.066474757804281e-20,4.0289154052734375,-1.3435759544372559,-0.0,2.156704902648926,4.65130536138501,0.0,0.2764013111591339,-1.6382320562945765,0.0,0.012200232595205307,1.1572017669677734,-0.0,-0.019641270861029625,0.7790831923484802,0.0,0.016314279288053513
86.0,112.0,2.0638,-0.3894,9.0945,-0.0376,0.0334,-0.1142,-2.0236646137633265,1.9654604268677616e-27,4.036480903625488,-1.3435879945755005,-0.0,2.140030860900879,4.651341601009033,0.0,0.3035120368003845,-1.6382845083819788,0.0,0.009328026324510574,1.1571731567382812,-0.0,-0.01849176362156868,0.7790709733963013,0.0,-0.0059447092935442924
86.0,112.0,2.0638,-0.3894,9.0945,-0.0376,0.0334,-0.1142,-2.0236369572081507,4.746355621110553e-33,4.037562370300293,-1.3435759544372559,-0.0,2.1328377723693848,4.651313944453857,0.0,0.29890042543411255,-1.6382845083819788,0.0,0.0021983773913234472,1.157189130783081,-0.0,-0.01683948002755642,0.7790631651878357,0.0,-0.013847576454281807
86.0,112.0,2.0638,-0.3894,9.0945,-0.0376,0.0334,-0.1142,-2.0236646137633265,1.146189136167709e-38,4.006303787231445,-1.343559980392456,-0.0,2.1530418395996094,4.651313944453857,0.0,0.2862480878829956,-1.6382845083819788,0.0,-0.003599961521103978,1.1572420597076416,-0.0,-0.03691524639725685,0.779050886631012,0.0,-0.01709057204425335
86.0,112.0,2.0638,-0.3894,9.0945,-0.0376,0.0334,-0.1142,-2.0236522159972132,2.802596928649634e-44,4.028341293334961,-1.343596339225769,-0.0,2.102536201477051,4.651341601009033,0.0,0.286740243434906,-1.6382806936847132,0.0,0.00994031224399805,1.157189130783081,-0.0,-0.01632286235690117,0.7790831923484802,0.0,-0.008556107990443707
86.0,112.0,2.0638,-0.3894,9.0945,-0.0376,0.0334,-0.1142,-2.023648878137106,0.0,4.021681785583496,-1.3436087369918823,-0.0,2.183032989501953,4.6513258653828125,0.0,0.2919551134109497,-1.6382444540606897,0.0,-0.007605113089084625,1.1571364402770996,-0.0,-0.026494570076465607,0.7790508270263672,0.0,-0.027561811730265617
86.0,112.0,2.0638,-0.3894,9.0945,-0.0376,0.0334,-0.1142,-2.0236569843687953,0.0,4.0614013671875,-1.3435678482055664,-0.0,2.141340970993042,4.651293440456055,0.0,0.2875770926475525,-1.6382721106158655,0.0,0.004306509159505367,1.1571447849273682,-0.0,-0.02342623844742775,0.779095470905304,0.0,-0.0019607397262007
86.0,112.0,2.0638,-0.3894,9.0945,-0.0376,0.0334,-0.1142,-2.0236689052977503,0.0,4.049281120300293,-1.3435715436935425,-0.0,2.2057437896728516,4.651269121760986,0.0,0.2889878749847412,-1.6382525602923792,0.0,-0.008409028872847557,1.1572338342666626,-0.0,-0.028073031455278397,0.7790467739105225,0.0,0.03754694387316704
86.0,112.0,2.0638,-0.3894,9.0945,-0.0376,0.0334,-0.1142,-2.023633142510885,0.0,4.023845672607422,-1.3435359001159668,-0.0,2.130002975463867,4.651341601009033,0.0,0.2998110353946686,-1.6382964293109339,0.0,-0.0023157219402492046,1.1571731567382812,-0.0,-0.025038324296474457,0.7790590524673462,0.0,0.011368324048817158
86.0,112.0,2.0638,-0.3894,9.0945,-0.0376,0.0334,-0.1142,-2.0236650906004847,0.0,4.073792457580566,-1.3435921669006348,-0.0,2.178971767425537,4.651313944453857,9.134373257779771e-09,0.2810044288635254,-1.6382277647601526,0.0,0.0016498188488185406,1.1571767330169678,-0.0,-0.00574831385165453,0.7790310382843018,1.2535464333218727e-10,0.018316712230443954
86.0,112.0,2.0638,-0.3894,9.0945,-0.0376,0.0334,-0.1142,-2.02367701152944,0.0,3.98730206489563,-1.343559980392456,-0.0,2.1566083431243896,4.651333971614502,2.542586367143551e-12,0.2870311737060547,-1.6382482687579554,0.0,0.001234068302437663,1.1571810245513916,-0.0,-0.036604538559913635,0.7790470123291016,3.027167375055801e-16,-0.02080317959189415
86.0,112.0,2.0638,-0.3894,9.0945,-0.0376,0.0334,-0.1142,-2.023632665673727,0.0,3.9955875873565674,-1.3435760736465454,-0.0,2.145296096801758,4.651289625758789,4.621024308820543e-17,0.2827218472957611,-1.6382444540606897,0.0,0.010499012656509876,1.1571531295776367,-0.0,-0.019923977553844452,0.7790025472640991,9.80763863304416e-24,-0.019463500007987022
86.0,112.0,2.0638,-0.3894,9.0945,-0.0376,0.0334,-0.1142,-2.023648878137106,0.0,4.052102565765381,-1.3435678482055664,-0.0,2.132133722305298,4.6513377863117675,1.2862791811138126e-20,0.2908129394054413,-1.6382525602923792,0.0,0.008002041839063168,1.1571691036224365,-0.0,-0.015750251710414886,0.7790590524673462,2.3684293514604936e-29,-0.04378065466880798
87.0,112.0,1.9801,-0.4487,9.3009,-0.038,0.0133,-0.1113,-2.0236126385130824,0.0,4.072878837585449,-1.3435797691345215,-0.0,2.153322696685791,4.65130536138501,3.580404962678869e-24,0.28345349431037903,-1.6382883230792444,0.0,0.001031292020343244,1.1571650505065918,-0.0,-0.01786799170076847,0.779066801071167,5.71947854049308e-35,-0.014192174188792706
87.0,112.0,1.9801,-0.4487,9.3009,-0.038,0.0133,-0.1113,-2.023689409295553,0.0,4.026388645172119,-1.3435636758804321,-0.0,2.1406466960906982,4.651333971614502,9.966189609313321e-28,0.29672902822494507,-1.6382563749896448,0.0,0.01263400074094534,1.157177448272705,-0.0,-0.018973980098962784,0.7790913581848145,1.381189831361756e-40,0.0011592237278819084
87.0,112.0,1.9801,-0.4487,9.3009,-0.038,0.0133,-0.1113,-2.0237132511534632,0.0,4.036591053009033,-1.3435399532318115,-0.0,2.1435773372650146,4.651329680080078,2.7741252905394496e-31,0.29405736923217773,-1.6382926146136683,0.0,0.004315278492867947,1.1571850776672363,-0.0,-0.006981712765991688,0.7790954113006592,0.0,0.005623313598334789
87.0,112.0,1.9801,-0.4487,9.3009,-0.038,0.0133,-0.1113,-2.023705621758932,0.0,4.004814624786377,-1.3435839414596558,-0.0,2.153135061264038,4.651289625758789,7.721879787736705e-35,0.29134345054626465,-1.6382926146136683,0.0,0.0022088666446506977,1.1571531295776367,-0.0,-0.023875795304775238,0.7790346741676331,0.0,-0.026995044201612473
87.0,112.0,1.9801,-0.4487,9.3009,-0.038,0.0133,-0.1113,-2.023693700829977,0.0,4.039134502410889,-1.3435559272766113,-0.0,2.158670425415039,4.651277704829834,2.1494137392394537e-38,0.29165005683898926,-1.6383007208453577,0.0,0.003922139294445515,1.1572537422180176,-0.0,-0.03146536275744438,0.7790873646736145,0.0,-0.014110701158642769
87.0,112.0,1.9801,-0.4487,9.3009,-0.038,0.0133,-0.1113,-2.02367701152944,0.0,4.0302557945251465,-1.3435554504394531,-0.0,2.1011791229248047,4.651285334224365,5.983544442666969e-42,0.29324594140052795,-1.6382320562945765,0.0,0.013665280304849148,1.1572017669677734,-0.0,-0.02384825050830841,0.7790873050689697,0.0,-0.03730350360274315
87.0,112.0,1.9801,-0.4487,9.3009,-0.038,0.0133,-0.1113,-2.023689409295553,0.0,4.045244216918945,-1.3435399532318115,-0.0,2.148432493209839,4.651313944453857,1.401298464324817e-45,0.276431679725647,-1.6382721106158655,0.0,0.007271551061421633,1.1571815013885498,-0.0,-0.021880174055695534,0.7790510654449463,0.0,0.00446123443543911
87.0,112.0,1.9801,-0.4487,9.3009,-0.038,0.0133,-0.1113,-2.023673196832174,0.0,4.045102119445801,-1.3435879945755005,-0.0,2.1117706298828125,4.651313944453857,0.0,0.28669607639312744,-1.6382887999164026,0.0,0.01068207435309887,1.1571811437606812,-0.0,-0.022202013060450554,0.7790831923484802,0.0,-0.00985020399093628
87.0,112.0,1.9801,-0.4487,9.3009,-0.038,0.0133,-0.1113,-2.0236321888365687,0.0,4.0369157791137695,-1.3435678482055664,-0.0,2.182387590408325,4.651349707240723,0.0,0.2987169027328491,-1.6382563749896448,0.0,-0.0019760937429964542,1.1571767330169678,-0.0,-0.016056571155786514,0.7791033387184143,0.0,-0.0517096146941185
87.0,112.0,1.9801,-0.4487,9.3009,-0.038,0.0133,-0.1113,-2.023661275903219,0.0,4.001192092895508,-1.3435839414596558,-0.0,2.174694776535034,4.6512695985981445,0.0,0.28038549423217773,-1.6382887999164026,0.0,0.002562302863225341,1.1571767330169678,-0.0,-0.013716060668230057,0.779075026512146,0.0,-0.03653364256024361
87.0,112.0,1.9801,-0.4487,9.3009,-0.038,0.0133,-0.1113,-2.0236813030638636,0.0,3.9978551864624023,-1.3435839414596558,-0.0,2.1347460746765137,4.651301546687744,1.1605412510107271e-05,0.284145712852478,-1.638308350239889,0.0,-0.00394990062341094,1.1572177410125732,-0.0,-0.012321839109063148,0.7790187001228333,0.0,-0.007235802710056305
87.0,112.0,1.9801,-0.4487,9.3009,-0.038,0.0133,-0.1113,-2.023673196832174,0.0,4.063237190246582,-1.3435759544372559,-0.0,2.1851465702056885,4.651321573848389,1.8232134607387707e-05,0.2870674431324005,-1.6382964293109339,0.0,0.0012966101057827473,1.1571934223175049,-0.0,-0.01700502820312977,0.7790955305099487,0.0,0.009130412712693214
87.0,112.0,1.9801,-0.4487,9.3009,-0.038,0.0133,-0.1113,-2.023660799066061,0.0,3.9925379753112793,-1.3435801267623901,-0.0,2.1670782566070557,4.651321573848389,1.7189495338243432e-05,0.2946089208126068,-1.6382277647601526,0.0,0.008680790662765503,1.1571531295776367,-0.0,-0.01622246950864792,0.7790831327438354,0.0,-0.035391151905059814
87.0,112.0,1.9801,-0.4487,9.3009,-0.038,0.0133,-0.1113,-2.0236813030638636,0.0,4.001184463500977,-1.3435440063476562,-0.0,2.146820545196533,4.651313467616699,1.625792538106907e-05,0.2807721793651581,-1.638252083455221,0.0,0.007385436445474625,1.1571810245513916,-0.0,-0.021840490400791168,0.7790187001228333,0.0,-0.06636136025190353
87.0,112.0,1.9801,-0.4487,9.3009,-0.038,0.0133,-0.1113,-2.023701330224508,0.0,3.982800006866455,-1.343559980392456,-0.0,2.124528169631958,4.651289625758789,1.5422141586896032e-05,0.2936270236968994,-1.638268772755758,0.0,0.00826205126941204,1.1571977138519287,-0.0,-0.01961759477853775,0.7790508270263672,0.0,-0.03768693655729294
86.0,112.0,1.989,-0.4851,9.0263,-0.0438,0.0214,-0.1248,-2.0237137279906214,2.3283114103378466e-07,4.037660121917725,-1.3435719013214111,-0.0,2.188883066177368,4.651317759151123,1.4668084986624308e-05,0.29012298583984375,-1.6383045355426233,0.0,0.0006863736780360341,1.157172679901123,-0.0,-0.020538413897156715,0.7790388464927673,0.0,0.0008680215105414391
86.0,112.0,1.989,-0.4851,9.0263,-0.0438,0.0214,-0.1248,-2.02367701152944,5.622597656559924e-13,4.065747261047363,-1.3435678482055664,-0.0,2.1679272651672363,4.651313944453857,1.3984347788209561e-05,0.2761416733264923,-1.6382845083819788,0.0,-0.0031617791391909122,1.1571731567382812,-0.0,-0.020468315109610558,0.7790470123291016,0.0,-0.0027965325862169266
86.0,112.0,1.989,-0.4851,9.0263,-0.0438,0.0214,-0.1248,-2.0236407719054164,1.8216499413830956e-20,4.064316749572754,-1.3435595035552979,-0.0,2.1663970947265625,4.651349707240723,1.3166042663215194e-05,0.2881161570549011,-1.6382845083819788,0.0,0.0005322283250279725,1.157160758972168,-0.0,-0.028998686000704765,0.7790955305099487,0.0,0.06528150290250778
86.0,112.0,1.989,-0.4851,9.0263,-0.0438,0.0214,-0.1248,-2.0236526928343714,4.399070203864537e-26,4.033891201019287,-1.3435317277908325,-0.0,2.134018898010254,4.6512815195271,1.2612505088327453e-05,0.2918287515640259,-1.6382964293109339,0.0,-0.003992235753685236,1.157221794128418,-0.0,-0.021238677203655243,0.7790672183036804,0.0,0.016910851001739502
86.0,112.0,1.989,-0.4851,9.0263,-0.0438,0.0214,-0.1248,-2.0236569843687953,1.0623237497463069e-31,4.0272674560546875,-1.343551754951477,-0.0,2.1262030601501465,4.651345892543457,1.210365826409543e-05,0.28543031215667725,-1.6382482687579554,0.0,-0.002649006899446249,1.1571614742279053,-0.0,-0.022405333817005157,0.7790790796279907,0.0,-0.055659957230091095
86.0,112.0,1.989,-0.4851,9.0263,-0.0438,0.0214,-0.1248,-2.0236689052977503,2.565387366686272e-37,4.04390811920166,-1.343543529510498,-0.0,2.159644365310669,4.651329680080078,1.1634268048510421e-05,0.2903153598308563,-1.6382444540606897,0.0,0.001936455024406314,1.1571934223175049,-0.0,-0.008945735171437263,0.7790831327438354,0.0,0.010922695510089397
86.0,112.0,1.989,-0.4851,9.0263,-0.0438,0.0214,-0.1248,-2.0236407719054164,6.1937392123156915e-43,4.074192047119141,-1.3435640335083008,-0.0,2.124150276184082,4.6513377863117675,1.1199937944184057e-05,0.2887369394302368,-1.6382277647601526,0.0,0.011943835765123367,1.157149076461792,-0.0,-0.019360799342393875,0.7790873646736145,0.0,-0.020870579406619072
86.0,112.0,1.989,-0.4851,9.0263,-0.0438,0.0214,-0.1248,-2.0236407719054164,0.0,4.033793926239014,-1.3435678482055664,-0.0,2.200563669204712,4.651345892543457,1.079686262528412e-05,0.2919144630432129,-1.6382845083819788,0.0,0.009498552419245243,1.1571810245513916,-0.0,-0.02239202708005905,0.7790995836257935,5.3853178542340174e-05,-0.007394186221063137
86.0,112.0,1.989,-0.4851,9.0263,-0.0438,0.0214,-0.1248,-2.023661275903219,0.0,4.023736476898193,-1.3435477018356323,-0.0,2.1474013328552246,4.6512977319904785,1.0421788829262368e-05,0.29079315066337585,-1.6382363478290003,0.0,-0.005737646482884884,1.1571731567382812,-0.0,-0.0063564348965883255,0.7790428996086121,4.1637053072918206e-05,-0.02053900435566902
86.0,112.0,1.989,-0.4851,9.0263,-0.0438,0.0214,-0.1248,-2.023673196832174,0.0,4.074006080627441,-1.343596339225769,-0.0,2.1505534648895264,4.6513096529194335,1.007189985102741e-05,0.2856573164463043,-1.6382644812213343,0.0,0.008767274208366871,1.1571650505065918,-0.0,-0.017037944868206978,0.7790467739105225,4.0240225644083694e-05,-0.04440649598836899
86.0,112.0,1.989,-0.4851,9.0263,-0.0438,0.0214,-0.1248,-2.0236855945982875,0.0,4.0833940505981445,-1.3435755968093872,-0.0,2.1434085369110107,4.6513096529194335,8.37688673982484e-08,0.29346993565559387,-1.6382845083819788,0.0,-0.003342208219692111,1.1571731567382812,-0.0,-0.021004140377044678,0.779075026512146,2.0988142779287955e-08,-0.05902179330587387
86.0,112.0,1.989,-0.4851,9.0263,-0.0438,0.0214,-0.1248,-2.0236369572081507,0.0,4.035623550415039,-1.3435518741607666,-0.0,2.124814510345459,4.651289625758789,2.331737233851605e-11,0.2786719799041748,-1.6382926146136683,0.0,-0.0001210169866681099,1.157189130783081,-0.0,-0.007756994105875492,0.7790310382843018,5.0683896912328413e-14,-0.03145339712500572
86.0,112.0,1.989,-0.4851,9.0263,-0.0438,0.0214,-0.1248,-2.0236813030638636,0.0,4.005070686340332,-1.3435920476913452,-0.0,2.1207592487335205,4.651293440456055,4.2378164787919997e-16,0.28948378562927246,-1.6382964293109339,0.0,0.002186617348343134,1.157116413116455,-0.0,-0.012701933272182941,0.779075026512146,5.118588524055667e-05,-0.05598744750022888
86.0,112.0,1.989,-0.4851,9.0263,-0.0438,0.0214,-0.1248,-2.023648878137106,0.0,4.059022903442383,-1.3435759544372559,-0.0,2.1417791843414307,4.651285334224365,1.1796117692767849e-19,0.2904353737831116,-1.6382806936847132,0.0,0.004343235865235329,1.1571528911590576,-0.0,-0.022252453491091728,0.7790549993515015,4.372474359115586e-05,0.0015117996372282505
85.0,109.0,1.9334,-0.3805,9.2907,-0.0261,0.024,-0.121,-2.023673196832174,0.0,4.063427448272705,-1.3435678482055664,-0.0,2.1492087841033936,4.6513377863117675,3.283492154108246e-23,0.2970849573612213,-1.6382444540606897,0.0,-0.003669463563710451,1.1571004390716553,-0.0,-0.027392685413360596,0.779095470905304,3.816224489128217e-05,0.011677953414618969
85.0,109.0,1.9334,-0.3805,9.2907,-0.0261,0.024,-0.121,-2.0236369572081507,0.0,4.016208648681641,-1.3435921669006348,-0.0,2.136957883834839,4.651293440456055,9.13971933673131e-27,0.2816520929336548,-1.6382806936847132,0.0,-4.274677485227585e-05,1.1571850776672363,-0.0,-0.014073268510401249,0.7790709733963013,3.385530726518482e-05,0.0167817585170269
85.0,109.0,1.9334,-0.3805,9.2907,-0.0261,0.024,-0.121,-2.023605009118551,0.0,4.002422332763672,-1.3435879945755005,-0.0,2.168778419494629,4.651329680080078,2.5440748394733556e-30,0.2813020944595337,-1.6382320562945765,0.0,-0.002712841145694256,1.1571086645126343,-0.0,-0.006947399117052555,0.779075026512146,3.0422077543335035e-05,0.012403051368892193
85.0,109.0,1.9334,-0.3805,9.2907,-0.0261,0.024,-0.121,-2.023605009118551,0.0,4.009758472442627,-1.3435839414596558,-0.0,2.143564224243164,4.651277704829834,7.081526025883899e-34,0.283942312002182,-1.6382926146136683,0.0,-0.009070736356079578,1.1572176218032837,-0.0,-0.026871267706155777,0.7790830731391907,2.762099029496312e-05,-0.00850504171103239
85.0,109.0,1.9334,-0.3805,9.2907,-0.0261,0.024,-0.121,-2.0236689052977503,0.0,4.013150691986084,-1.343559980392456,-0.0,2.1481597423553467,4.651265307063721,1.971168882862999e-37,0.2885076701641083,-1.6383045355426233,0.0,-0.004367321263998747,1.1571810245513916,-0.0,-0.01952110044658184,0.7790749073028564,2.5292280042776838e-05,-0.027407556772232056
85.0,109.0,1.9334,-0.3805,9.2907,-0.0261,0.024,-0.121,-2.023632665673727,0.0,3.98679780960083,-1.343559980392456,-0.0,2.174825668334961,4.651341601009033,5.486784137063821e-41,0.2889763116836548,-1.638308350239889,0.0,-0.0009166453965008259,1.1571810245513916,-0.0,-0.016941603273153305,0.7790913581848145,2.3325752408709377e-05,0.006265461444854736
85.0,109.0,1.9334,-0.3805,9.2907,-0.0261,0.024,-0.121,-2.023689409295553,0.0,4.040256500244141,-1.3435759544372559,-0.0,2.084913492202759,4.65130536138501,1.5414283107572988e-44,0.3068307936191559,-1.6382845083819788,0.0,0.011579656973481178,1.1571614742279053,-0.0,-0.013173969462513924,0.7790913581848145,2.1642928913934156e-05,-0.02871137671172619
85.0,109.0,1.9334,-0.3805,9.2907,-0.0261,0.024,-0.121,-2.02367701152944,0.0,4.039736747741699,-1.34359610080719,-0.0,2.1818079948425293,4.6513377863117675,0.0,0.3023262619972229,-1.6382964293109339,0.0,0.010084331035614014,1.1571934223175049,-0.0,-0.020485159009695053,0.7791032791137695,2.0186604160699062e-05,-0.014522039331495762
85.0,109.0,1.9334,-0.3805,9.2907,-0.0261,0.024,-0.121,-2.0236569843687953,0.0,4.005865097045898,-1.3435755968093872,-0.0,2.158081531524658,4.6513706880756835,0.0,0.286495566368103,-1.6383007208453577,0.0,0.00809059850871563,1.157169222831726,-0.0,-0.008571814745664597,0.779059112071991,1.8524606275605038e-05,0.013479221612215042
85.0,109.0,1.9334,-0.3805,9.2907,-0.0261,0.024,-0.121,-2.0236526928343714,0.0,4.044288635253906,-1.3435839414596558,-0.0,2.143895149230957,4.6513096529194335,0.0,0.28668320178985596,-1.6382601896869105,0.0,-0.0008766818791627884,1.1570961475372314,-0.0,-0.0040338411927223206,0.779066801071167,1.744728251651395e-05,0.010539638809859753
85.0,109.0,1.9334,-0.3805,9.2907,-0.0261,0.024,-0.121,-2.023633142510885,0.0,4.07227087020874,-1.3435715436935425,-0.0,2.1309614181518555,4.651293440456055,0.0,0.29092150926589966,-1.6382883230792444,0.0,-0.007698379456996918,1.1572213172912598,-0.0,-0.029120545834302902,0.7790507674217224,1.6488351320731454e-05,-0.06372816115617752
85.0,109.0,1.9334,-0.3805,9.2907,-0.0261,0.024,-0.121,-2.02367701152944,0.0,4.067924499511719,-1.3435879945755005,-0.0,2.135765314102173,4.651341601009033,0.0,0.2819003462791443,-1.6382644812213343,0.0,-0.001105880830436945,1.157189130783081,-0.0,-0.0172670166939497,0.7790186405181885,1.5629349945811555e-05,-0.00846591591835022
85.0,109.0,1.9334,-0.3805,9.2907,-0.0261,0.024,-0.121,-2.0236288509764613,0.0,3.9984092712402344,-1.3435595035552979,-0.0,2.1590054035186768,4.651329680080078,0.0,0.2999447286128998,-1.638235870991842,0.0,0.01351222861558199,1.1571691036224365,-0.0,-0.036236636340618134,0.7791032791137695,1.4855434528726619e-05,0.04662207514047623
85.0,109.0,1.9334,-0.3805,9.2907,-0.0261,0.024,-0.121,-2.0236569843687953,0.0,4.016711235046387,-1.3435477018356323,-0.0,2.0755367279052734,4.651293440456055,0.0,0.30014511942863464,-1.6382563749896448,0.0,-0.015807557851076126,1.157149076461792,-0.0,-0.015571646392345428,0.7790709733963013,1.4154528798826504e-05,0.06923648715019226
85.0,109.0,1.9334,-0.3805,9.2907,-0.0261,0.024,-0.121,-2.023701330224508,4.2597072024364024e-05,4.0418901443481445,-1.3435719013214111,-0.0,2.1834068298339844,4.6513096529194335,0.0,0.30082693696022034,-1.6382764021502894,0.0,0.0010389541275799274,1.1571893692016602,-0.0,-0.014073283411562443,0.779095470905304,1.3516802027879748e-05,-0.029156457632780075
86.0,110.0,2.0961,-0.3667,9.0652,-0.036,0.031,-0.1187,-2.023661275903219,1.688016163825523e-05,4.008361339569092,-1.3435719013214111,-0.0,2.1114304065704346,4.6513096529194335,0.0,0.2910751700401306,-1.6382883230792444,0.0,0.008057985454797745,1.157149076461792,-0.0,-0.022632218897342682,0.7790750861167908,2.586804657767061e-05,0.026610514149069786
86.0,110.0,2.0961,-0.3667,9.0652,-0.036,0.031,-0.1187,-2.0236689052977503,4.076360776705812e-11,4.095816612243652,-1.3436002731323242,-0.0,2.138582229614258,4.651321573848389,0.0,0.29018598794937134,-1.6382926146136683,0.0,0.010933266021311283,1.1571650505065918,-0.0,-0.014521845616400242,0.7790187001228333,2.4798930098768324e-05,0.007722743786871433
86.0,110.0,2.0961,-0.3667,9.0652,-0.036,0.031,-0.1187,-2.0236526928343714,9.84393236285876e-17,4.0098114013671875,-1.3435839414596558,-0.0,2.1478631496429443,4.6513096529194335,0.0,0.28136491775512695,-1.6382644812213343,0.0,0.006492900662124157,1.1572177410125732,-0.0,-0.01624457910656929,0.7790590524673462,2.3814660380594432e-05,0.01374669186770916
86.0,110.0,2.0961,-0.3667,9.0652,-0.036,0.031,-0.1187,-2.023649354974264,3.1893090251147326e-24,4.019503593444824,-1.3435559272766113,-0.0,2.138247013092041,4.651289625758789,0.0,0.29249170422554016,-1.6382806936847132,0.0,0.010064455680549145,1.1571810245513916,-0.0,-0.009346529841423035,0.7790508270263672,2.2617710783379152e-05,0.00239600520581007
86.0,110.0,2.0961,-0.3667,9.0652,-0.036,0.031,-0.1187,-2.023593088189596,7.701805884666709e-30,4.052203178405762,-1.343596339225769,-0.0,2.1594767570495605,4.651321573848389,0.0,0.2952989339828491,-1.6383007208453577,0.0,0.003829660825431347,1.157221794128418,-0.0,-0.012035205960273743,0.7790067195892334,2.179610419261735e-05,0.01661285199224949
86.0,110.0,2.0961,-0.3667,9.0652,-0.036,0.031,-0.1187,-2.023673196832174,1.859895516080462e-35,4.046205520629883,-1.34358811378479,-0.0,2.1296048164367676,4.651265307063721,0.0,0.2866896390914917,-1.6382806936847132,0.0,-0.0044846199452877045,1.1571691036224365,-0.0,-0.009854055009782314,0.7790995836257935,2.1032084987382405e-05,-0.06422988325357437
86.0,110.0,2.0961,-0.3667,9.0652,-0.036,0.031,-0.1187,-2.0236855945982875,4.4914418378539037e-41,4.034616470336914,-1.3435477018356323,-0.0,2.1454596519470215,4.651305838222168,0.0,0.28913992643356323,-1.6382682959186,0.0,0.01707441546022892,1.1572182178497314,-0.0,-0.021141573786735535,0.7790388464927673,2.0319817849667743e-05,-0.014006046578288078
86.0,110.0,2.0961,-0.3667,9.0652,-0.036,0.031,-0.1187,-2.023673196832174,0.0,4.087108612060547,-1.343596339225769,-0.0,2.1272830963134766,4.6513377863117675,0.0,0.2893531918525696,-1.638240162526266,0.0,-0.004080398008227348,1.157160758972168,-0.0,-0.01486547663807869,0.7790549993515015,2.6659719765120826e-07,-0.010165824554860592
86.0,110.0,2.0961,-0.3667,9.0652,-0.036,0.031,-0.1187,-2.0237018070616664,0.0,4.046599864959717,-1.3436005115509033,-0.0,2.135171890258789,4.651321573848389,0.0,0.2989194989204407,-1.6382363478290003,0.0,0.006018571089953184,1.1571850776672363,-0.0,-0.008697169832885265,0.7790388464927673,6.438008221150426e-13,-0.011805789545178413
86.0,110.0,2.0961,-0.3667,9.0652,-0.036,0.031,-0.1187,-2.0236813030638636,0.0,4.067566871643066,-1.343539834022522,-0.0,2.1449296474456787,4.6513096529194335,0.0,0.29055070877075195,-1.6382806936847132,0.0,0.0009621885837987065,1.1571815013885498,-0.0,-0.009693078696727753,0.7790470123291016,1.554703125291126e-18,-0.008817650377750397
86.0,110.0,2.0961,-0.3667,9.0652,-0.036,0.031,-0.1187,-2.02367701152944,0.0,4.008368492126465,-1.3435962200164795,-0.0,2.1661293506622314,4.65132920324292,0.0,0.2854367792606354,-1.6382883230792444,0.0,0.01390111818909645,1.1571691036224365,-0.0,-0.02500448189675808,0.7790388464927673,3.754424917357456e-24,-0.04517779126763344
86.0,110.0,2.0961,-0.3667,9.0652,-0.036,0.031,-0.1187,-2.023673196832174,0.0,4.037827968597412,-1.343568205833435,-0.0,2.142573118209839,4.6513377863117675,0.0,0.2972485423088074,-1.6382601896869105,0.0,0.003915638197213411,1.1571767330169678,-0.0,-0.01228533498942852,0.7790590524673462,9.066495769135199e-30,-0.05323933809995651
86.0,110.0,2.0961,-0.3667,9.0652,-0.036,0.031,-0.1187,-2.0236407719054164,0.0,4.0210113525390625,-1.3435440063476562,-0.0,2.1804261207580566,4.651321573848389,0.0,0.296051949262619,-1.6382725874530237,0.0,0.005393228027969599,1.1572017669677734,-0.0,-0.015506724826991558,0.7790269255638123,2.9374287458481966e-37,-0.03307478129863739
86.0,110.0,2.0961,-0.3667,9.0652,-0.036,0.031,-0.1187,-2.023661275903219,0.0,4.053301811218262,-1.3435559272766113,-0.0,2.116338014602661,4.651317759151123,0.0,0.28485122323036194,-1.6382806936847132,0.0,0.001782614621333778,1.1572413444519043,-0.0,-0.010363896377384663,0.7790470123291016,7.090570229483574e-43,-0.06132638826966286
86.0,110.0,2.0961,-0.3667,9.0652,-0.036,0.031,-0.1187,-2.0236689052977503,0.0,3.988168716430664,-1.3435920476913452,-0.0,2.0936827659606934,4.651341601009033,0.0,0.2944916784763336,-1.6382444540606897,0.0,0.0074517191387712955,1.1571407318115234,-0.0,-0.009598469361662865,0.7789821624755859,0.0,-0.023639891296625137
85.0,109.0,1.9783,-0.3589,9.2662,-0.0298,0.0263,-0.1179,-2.023649354974264,0.0,4.068628311157227,-1.3435719013214111,-0.0,2.143813371658325,4.6513258653828125,0.0,0.2945388853549957,-1.6383007208453577,0.0,0.012231867760419846,1.1571810245513916,-0.0,-0.017975743860006332,0.7790995836257935,0.0,0.031319133937358856
85.0,109.0,1.9783,-0.3589,9.2662,-0.0298,0.0263,-0.1179,-2.023693700829977,0.0,4.011995315551758,-1.3435839414596558,-0.0,2.161435127258301,4.651350184077881,0.0,0.2894849479198456,-1.6382444540606897,0.0,-0.0035670874640345573,1.1571731567382812,-0.0,-0.015014068223536015,0.7790549397468567,0.0,-0.034388914704322815
85.0,109.0,1.9783,-0.3589,9.2662,-0.0298,0.0263,-0.1179,-2.023620744744772,0.0,4.044700622558594,-1.3435636758804321,-0.0,2.191265821456909,4.651313944453857,0.0,0.2909771800041199,-1.6382320562945765,0.0,-0.000905873253941536,1.1571447849273682,-0.0,-0.00442322064191103,0.7790346741676331,0.0,0.004542158916592598
85.0,109.0,1.9783,-0.3589,9.2662,-0.0298,0.0263,-0.1179,-2.02367701152944,0.0,4.062848091125488,-1.3435636758804321,-0.0,2.1743831634521484,4.6512815195271,0.0,0.2932581901550293,-1.6382601896869105,0.0,0.006333528086543083,1.1571691036224365,-0.0,-0.015567725524306297,0.7790913581848145,0.0,-0.0356857068836689
85.0,109.0,1.9783,-0.3589,9.2662,-0.0298,0.0263,-0.1179,-2.023632665673727,0.0,4.025918960571289,-1.3435797691345215,-0.0,2.1858227252960205,4.6513096529194335,0.0,0.29358044266700745,-1.6382887999164026,0.0,0.0044408999383449554,1.1571282148361206,-0.0,-0.011822866275906563,0.7790551781654358,2.947145583132027e-10,-0.03147024288773537
85.0,109.0,1.9783,-0.3589,9.2662,-0.0298,0.0263,-0.1179,-2.0236569843687953,0.0,4.037992477416992,-1.3435477018356323,-0.0,2.142751455307007,4.651265307063721,0.0,0.2973839044570923,-1.6382887999164026,0.0,0.014825652353465557,1.157149076461792,-0.0,-0.018629979342222214,0.7790791392326355,7.117010109638231e-16,-0.010168252512812614
85.0,109.0,1.9783,-0.3589,9.2662,-0.0298,0.0263,-0.1179,-2.023620744744772,0.0,4.054970741271973,-1.343548059463501,-0.0,2.1119723320007324,4.65127341329541,0.0,0.29048487544059753,-1.6382845083819788,0.0,0.002177461050450802,1.1571650505065918,-0.0,-0.004446023143827915,0.7790790796279907,1.7186743157836615e-21,-0.012768418528139591
85.0,109.0,1.9783,-0.3589,9.2662,-0.0298,0.0263,-0.1179,-2.0236650906004847,0.0,4.047492504119873,-1.3435801267623901,-0.0,2.098903179168701,4.6513096529194335,0.0,0.280886173248291,-1.6382764021502894,0.0,-0.0016850493848323822,1.15716552734375,-0.0,-0.0090629318729043,0.7790549993515015,5.568287775664372e-29,-0.06054249405860901
85.0,109.0,1.9783,-0.3589,9.2662,-0.0298,0.0263,-0.1179,-2.0236288509764613,0.0,4.0573954582214355,-1.3436086177825928,-0.0,2.1437501907348633,4.651293440456055,0.0,0.2815486490726471,-1.6383045355426233,0.0,-0.0010242486605420709,1.1572538614273071,-0.0,-0.00856795720756054,0.7790831327438354,1.344676112526313e-34,0.028036927804350853
85.0,109.0,1.9783,-0.3589,9.2662,-0.0298,0.0263,-0.1179,-2.023689409295553,0.0,4.0556321144104,-1.3435838222503662,-0.0,2.214143753051758,4.65135829030957,0.0,0.29557836055755615,-1.6382926146136683,0.0,0.011685713194310665,1.157177448272705,-0.0,-0.011260123923420906,0.7790508270263672,3.2472289313798986e-40,-0.06652794778347015
85.0,109.0,1.9783,-0.3589,9.2662,-0.0298,0.0263,-0.1179,-2.023661275903219,0.0,4.024610996246338,-1.3435920476913452,-0.0,2.172640800476074,4.651374502772949,0.0,0.29181525111198425,-1.6382725874530237,0.0,6.83101243339479e-05,1.1571240425109863,-0.0,-0.023818936198949814,0.7790346741676331,1.401298464324817e-45,-0.01650688424706459
85.0,109.0,1.9783,-0.3589,9.2662,-0.0298,0.0263,-0.1179,-2.02367701152944,0.0,4.062017440795898,-1.3435797691345215,-0.0,2.191810369491577,4.651329680080078,0.0,0.2882087230682373,-1.6382806936847132,0.0,0.009278995916247368,1.1571364402770996,-0.0,-0.014295872300863266,0.7790831327438354,0.0,-0.020028088241815567
85.0,109.0,1.9783,-0.3589,9.2662,-0.0298,0.0263,-0.1179,-2.0236855945982875,0.0,4.015710830688477,-1.3435797691345215,-0.0,2.1413941383361816,4.65130536138501,0.0,0.3049834966659546,-1.6382845083819788,0.0,0.0023599641863256693,1.1572058200836182,-0.0,-0.020560264587402344,0.7790508270263672,0.0,-0.010264478623867035
85.0,109.0,1.9783,-0.3589,9.2662,-0.0298,0.0263,-0.1179,-2.0236813030638636,0.0,4.117484092712402,-1.3435477018356323,-0.0,2.1829214096069336,4.6512695985981445,0.0,0.29623663425445557,-1.6382320562945765,0.0,0.009398350492119789,1.1571571826934814,-0.0,-0.0014516625087708235,0.7790791392326355,0.0,-0.0084896394982934
85.0,109.0,1.9783,-0.3589,9.2662,-0.0298,0.0263,-0.1179,-2.023661275903219,0.0,4.053690433502197,-1.3435074090957642,-0.0,2.169041156768799,4.651293440456055,0.0,0.29301735758781433,-1.638268772755758,0.0,-0.008481035940349102,1.1571893692016602,-0.0,-0.01754171773791313,0.7790709733963013,0.0,-0.00194083945825696
83.0,111.0,2.0788,-0.3332,9.0,-0.0331,0.0215,-0.1141,-2.023673196832174,0.0,4.049298286437988,-1.3435879945755005,-0.0,2.1204335689544678,4.6513258653828125,0.0,0.2831251919269562,-1.6382764021502894,0.0,-0.002362696686759591,1.157149076461792,-0.0,-0.017856093123555183,0.7790709733963013,0.0,-0.044997431337833405
83.0,111.0,2.0788,-0.3332,9.0,-0.0331,0.0215,-0.1141,-2.023689409295553,0.0,4.049007415771484,-1.3435678482055664,-0.0,2.1725451946258545,4.6513377863117675,0.0,0.28596338629722595,-1.6382444540606897,0.0,0.0007853382267057896,1.1571404933929443,-0.0,-0.026555955410003662,0.7790508270263672,0.0,0.043165743350982666
83.0,111.0,2.0788,-0.3332,9.0,-0.0331,0.0215,-0.1141,-2.0236250362791957,0.0,3.9871606826782227,-1.3435399532318115,-0.0,2.131610631942749,4.651321573848389,0.0,0.29317882657051086,-1.6382845083819788,0.0,-0.0017605486791580915,1.1571850776672363,-0.0,-0.010898148640990257,0.779066801071167,0.0,0.002448065672069788
83.0,111.0,2.0788,-0.3332,9.0,-0.0331,0.0215,-0.1141,-2.02364506343984,0.0,4.049901008605957,-1.3435719013214111,-0.0,2.1336276531219482,4.651345892543457,0.0,0.2979450225830078,-1.6382725874530237,0.0,0.007987754419445992,1.1571810245513916,-0.0,-0.012429709546267986,0.7790388464927673,0.0,0.005709290504455566
83.0,111.0,2.0788,-0.3332,9.0,-0.0331,0.0215,-0.1141,-2.0235892734923304,0.0,4.047473907470703,-1.3435317277908325,-0.0,2.1261463165283203,4.651329680080078,0.0,0.2907533645629883,-1.6382444540606897,0.0,-0.0028321135323494673,1.1571934223175049,-0.0,-0.014182575047016144,0.7790467143058777,0.0,-0.01177961379289627
83.0,111.0,2.0788,-0.3332,9.0,-0.0331,0.0215,-0.1141,-2.0236407719054164,0.0,4.005183219909668,-1.3435559272766113,-0.0,2.1536502838134766,4.651345892543457,0.0,0.28672391176223755,-1.6382444540606897,0.0,-0.00585076492279768,1.1571810245513916,-0.0,-0.005938841495662928,0.779066801071167,0.0,-0.0288892462849617
83.0,111.0,2.0788,-0.3332,9.0,-0.0331,0.0215,-0.1141,-2.0236689052977503,0.0,4.079518795013428,-1.3435921669006348,-0.0,2.1696436405181885,4.651362105006836,0.0,0.27617141604423523,-1.6382721106158655,0.0,0.003236727323383093,1.157160758972168,-0.0,-0.012904798611998558,0.7790667414665222,0.0,-0.07026506960391998
83.0,111.0,2.0788,-0.3332,9.0,-0.0331,0.0215,-0.1141,-2.02364506343984,0.0,4.047494888305664,-1.3435719013214111,-0.0,2.10404634475708,4.6512695985981445,0.0,0.29404011368751526,-1.6382563749896448,0.0,-0.001201963284984231,1.157160758972168,-0.0,-0.008558930829167366,0.779139518737793,0.0,0.01361607015132904
83.0,111.0,2.0788,-0.3332,9.0,-0.0331,0.0215,-0.1141,-2.0236650906004847,0.0,4.01857328414917,-1.3436253070831299,-0.0,2.14194393157959,4.651285334224365,0.0,0.294064462184906,-1.6382482687579554,0.0,0.0010092963930219412,1.157189130783081,-0.0,-0.01364908553659916,0.7791114449501038,0.0,-0.02243485115468502
83.0,111.0,2.0788,-0.3332,9.0,-0.0331,0.0215,-0.1141,-2.0236975155272425,0.0,3.9966657161712646,-1.3435879945755005,-0.0,2.1811928749084473,4.651345892543457,0.0,0.2860645353794098,-1.6383007208453577,0.0,-0.00233113719150424,1.1571810245513916,-0.0,-0.019388290122151375,0.7790831327438354,0.0,-0.04325710982084274
83.0,111.0,2.0788,-0.3332,9.0,-0.0331,0.0215,-0.1141,-2.0236250362791957,0.0,3.995544195175171,-1.3435595035552979,-0.0,2.133084297180176,4.651353998775146,0.0,0.29525628685951233,-1.6382525602923792,0.0,-0.005531135480850935,1.157221794128418,-0.0,-0.022167470306158066,0.7791155576705933,0.0,0.02412608079612255
83.0,111.0,2.0788,-0.3332,9.0,-0.0331,0.0215,-0.1141,-2.0236288509764613,0.0,4.012839317321777,-1.3435074090957642,-0.0,2.1578335762023926,4.651285811061523,0.0,0.29408368468284607,-1.6382601896869105,0.0,-0.006833643652498722,1.1571447849273682,-0.0,-0.014474108815193176,0.7790831327438354,0.0,-0.013277960941195488
83.0,111.0,2.0788,-0.3332,9.0,-0.0331,0.0215,-0.1141,-2.0236407719054164,0.0,4.035711765289307,-1.3435440063476562,-0.0,2.1428656578063965,4.651317282313965,0.0,0.2901838719844818,-1.6382926146136683,0.0,-0.008007345721125603,1.1571732759475708,-0.0,-0.009259499609470367,0.7790346741676331,0.0,0.023125644773244858
83.0,111.0,2.0788,-0.3332,9.0,-0.0331,0.0215,-0.1141,-2.0236288509764613,0.0,4.0181074142456055,-1.3435559272766113,-0.0,2.1992557048797607,4.651329680080078,0.0,0.2865279018878937,-1.6383126417743128,0.0,0.005053558852523565,1.1571934223175049,-0.0,-0.0038263360038399696,0.7790590524673462,0.0,-0.026492318138480186
83.0,113.0,1.9705,-0.4235,9.2477,-0.0412,0.0315,-0.1185,-2.0236531696715296,0.0,4.0049285888671875,-1.3435760736465454,-0.0,2.140048027038574,4.6513377863117675,0.0,0.28733476996421814,-1.6382644812213343,0.0,-0.0039284490048885345,1.1571810245513916,-0.0,-0.02471533603966236,0.7790667414665222,0.0,0.010077054612338543
83.0,113.0,1.9705,-0.4235,9.2477,-0.0412,0.0315,-0.1185,-2.023661275903219,0.0,4.0429511070251465,-1.3435477018356323,-0.0,2.126511335372925,4.651353998775146,0.0,0.29684898257255554,-1.6382563749896448,0.0,0.0010065893875434995,1.1572017669677734,-0.0,-0.009150899015367031,0.7790508270263672,0.0,-0.03356316313147545
83.0,113.0,1.9705,-0.4235,9.2477,-0.0412,0.0315,-0.1185,-2.0236407719054164,0.0,4.064785480499268,-1.3435518741607666,-0.0,2.116981267929077,4.651353998775146,0.0,0.2846289277076721,-1.6382482687579554,0.0,-0.003846667241305113,1.1572017669677734,-0.0,-0.008490700274705887,0.779075026512146,0.0,-0.007405109703540802
83.0,113.0,1.9705,-0.4235,9.2477,-0.0412,0.0315,-0.1185,-2.0236813030638636,0.0,4.0521626472473145,-1.343548059463501,-0.0,2.1333208084106445,4.651313467616699,0.0,0.2898774743080139,-1.638252083455221,0.0,0.0019216036889702082,1.1571650505065918,-0.0,-0.015250962227582932,0.779075026512146,0.0,-0.020948195829987526
83.0,113.0,1.9705,-0.4235,9.2477,-0.0412,0.0315,-0.1185,-2.02367701152944,0.0,3.995976448059082,-1.343559980392456,-0.0,2.1817803382873535,4.651293440456055,0.0,0.29859256744384766,-1.6383126417743128,0.0,0.004703777376562357,1.1572136878967285,-0.0,-0.01953059807419777,0.7790991067886353,0.0,0.005875735078006983
83.0,113.0,1.9705,-0.4235,9.2477,-0.0412,0.0315,-0.1185,-2.02367701152944,0.0,4.038740634918213,-1.3435399532318115,-0.0,2.1561384201049805,4.6513096529194335,0.0,0.2951570749282837,-1.638252083455221,0.0,0.004142105579376221,1.1571240425109863,-0.0,-0.01742452383041382,0.7790995836257935,0.0,-0.043368708342313766
83.0,113.0,1.9705,-0.4235,9.2477,-0.0412,0.0315,-0.1185,-2.023633142510885,0.0,4.045051574707031,-1.3435719013214111,-0.0,2.1444215774536133,4.651293440456055,0.0,0.3012041449546814,-1.638268772755758,0.0,0.007117623463273048,1.1571977138519287,-0.0,-0.021375436335802078,0.77909916639328,0.0,-0.0013447403907775879
83.0,113.0,1.9705,-0.4235,9.2477,-0.0412,0.0315,-0.1185,-2.023633142510885,0.0,4.052459239959717,-1.3435559272766113,-0.0,2.130434989929199,4.6513096529194335,0.0,0.2940576672554016,-1.6382482687579554,0.0,0.005980938673019409,1.1572017669677734,-0.0,-0.00919393077492714,0.7790589928627014,0.0,-0.03985600546002388
83.0,113.0,1.9705,-0.4235,9.2477,-0.0412,0.0315,-0.1185,-2.0236569843687953,0.0,4.060414791107178,-1.3435760736465454,-0.0,2.1775450706481934,4.651285334224365,0.0,0.3063461184501648,-1.6382887999164026,0.0,0.003137342631816864,1.157177448272705,-0.0,-0.009205065667629242,0.7790627479553223,0.0,-0.0022542038932442665
83.0,113.0,1.9705,-0.4235,9.2477,-0.0412,0.0315,-0.1185,-2.023632665673727,0.0,3.9975061416625977,-1.343559980392456,-0.0,2.1350932121276855,4.651369734401367,0.0,0.2963528037071228,-1.6382964293109339,0.0,0.009458458982408047,1.1571974754333496,-0.0,-0.018444577232003212,0.7790671586990356,0.0,0.014507580548524857
83.0,113.0,1.9705,-0.4235,9.2477,-0.0412,0.0315,-0.1185,-2.0236569843687953,0.0,4.013895034790039,-1.3435801267623901,-0.0,2.2020461559295654,4.651285334224365,0.0,0.28886035084724426,-1.6382964293109339,0.0,0.006382293999195099,1.1571767330169678,-0.0,-0.028958797454833984,0.7791032791137695,0.0,-0.0032497684005647898
83.0,113.0,1.9705,-0.4235,9.2477,-0.0412,0.0315,-0.1185,-2.0236288509764613,0.0,4.03605842590332,-1.3435198068618774,-0.0,2.1237270832061768,4.651329680080078,0.0,0.2933672368526459,-1.6382926146136683,0.0,-0.01244415808469057,1.1571934223175049,-0.0,-0.008079051971435547,0.7790590524673462,0.0,0.017561670392751694
83.0,113.0,1.9705,-0.4235,9.2477,-0.0412,0.0315,-0.1185,-2.023633142510885,0.0,4.055423736572266,-1.3435719013214111,-0.0,2.170071601867676,4.651293440456055,0.0,0.2872174084186554,-1.6382887999164026,0.0,0.0015048712957650423,1.157189130783081,-0.0,-0.024523571133613586,0.7790709733963013,0.0,-0.029351510107517242
83.0,113.0,1.9705,-0.4235,9.2477,-0.0412,0.0315,-0.1185,-2.023620744744772,0.0,4.068696975708008,-1.3435755968093872,-0.0,2.160877227783203,4.65129725515332,0.0,0.28915709257125854,-1.6382644812213343,0.0,0.00780025590211153,1.1572017669677734,-0.0,-0.024993276223540306,0.779066801071167,0.0,-0.04200185090303421
83.0,113.0,1.9705,-0.4235,9.2477,-0.0412,0.0315,-0.1185,-2.023605009118551,0.0,3.996485710144043,-1.3435559272766113,-0.0,2.150986433029175,4.651317759151123,0.0,0.29612359404563904,-1.6382887999164026,0.0,-0.005257541313767433,1.1571934223175049,-0.0,-0.018254471942782402,0.7791032791137695,0.0,0.015387285500764847
87.0,112.0,2.0399,-0.4181,9.1478,-0.0373,0.0194,-0.1129,-2.0236288509764613,0.0,4.033848285675049,-1.3435678482055664,-0.0,2.1552536487579346,4.651374025935791,0.0,0.30087795853614807,-1.6382926146136683,0.0,0.00910266861319542,1.157160758972168,-0.0,-0.01686669886112213,0.7790831327438354,0.0,0.0032120272517204285
87.0,112.0,2.0399,-0.4181,9.1478,-0.0373,0.0194,-0.1129,-2.0236526928343714,0.0,4.060138702392578,-1.3435399532318115,-0.0,2.1349737644195557,4.651350184077881,0.0,0.30075666308403015,-1.6382806936847132,0.0,-0.008239390328526497,1.1571892499923706,-0.0,-0.024446774274110794,0.7790913581848145,0.0,-0.01845337636768818
87.0,112.0,2.0399,-0.4181,9.1478,-0.0373,0.0194,-0.1129,-2.0235969028868617,0.0,4.048835754394531,-1.3436005115509033,-0.0,2.1800248622894287,4.651289625758789,0.0,0.2932314872741699,-1.6383007208453577,0.0,-0.005108540412038565,1.1572093963623047,-0.0,-0.027397114783525467,0.779066801071167,0.0,-0.009305820800364017
87.0,112.0,2.0399,-0.4181,9.1478,-0.0373,0.0194,-0.1129,-2.0236569843687953,0.0,4.054466724395752,-1.3435921669006348,-0.0,2.1284751892089844,4.651277227992676,0.0,0.2944285273551941,-1.6382721106158655,0.0,0.0078122843988239765,1.1571691036224365,-0.0,-0.014647971838712692,0.7790346145629883,0.0,0.012450003996491432
87.0,112.0,2.0399,-0.4181,9.1478,-0.0373,0.0194,-0.1129,-2.023604532281393,0.0,4.0343017578125,-1.3435559272766113,-0.0,2.1446197032928467,4.65129725515332,0.0,0.29518604278564453,-1.6382482687579554,0.0,0.0036278243642300367,1.1571614742279053,-0.0,-0.015177924185991287,0.7790831327438354,0.0,0.03291284292936325
87.0,112.0,2.0399,-0.4181,9.1478,-0.0373,0.0194,-0.1129,-2.0236407719054164,0.0,4.030603408813477,-1.3435879945755005,-0.0,2.1915369033813477,4.651293440456055,0.0,0.29757511615753174,-1.6382721106158655,0.0,0.007155591156333685,1.1571323871612549,-0.0,-0.014240017160773277,0.7790791392326355,0.0,0.0003295689821243286
87.0,112.0,2.0399,-0.4181,9.1478,-0.0373,0.0194,-0.1129,-2.023648878137106,0.0,4.021768569946289,-1.343543529510498,-0.0,2.1060843467712402,4.651285334224365,0.0,0.2804076671600342,-1.6382764021502894,0.0,-0.008812632411718369,1.1571691036224365,-0.0,-0.012292087078094482,0.779083251953125,0.0,-0.03077128529548645
87.0,112.0,2.0399,-0.4181,9.1478,-0.0373,0.0194,-0.1129,-2.02367701152944,0.0,4.053192138671875,-1.343568205833435,-0.0,2.175079107284546,4.651301546687744,0.0,0.3011332154273987,-1.6382926146136683,0.0,0.00859927386045456,1.1571810245513916,-0.0,-0.019818928092718124,0.77909916639328,0.0,-0.019383978098630905
87.0,112.0,2.0399,-0.4181,9.1478,-0.0373,0.0194,-0.1129,-2.023661275903219,2.4820041133466475e-08,4.018533706665039,-1.3435559272766113,-0.0,2.1491847038269043,4.651341601009033,0.0,0.302651047706604,-1.6382887999164026,0.0,-0.00013141031377017498,1.1571447849273682,-0.0,-0.02338975854218006,0.779071033000946,0.0,-0.022033806890249252
87.0,112.0,2.0399,-0.4181,9.1478,-0.0373,0.0194,-0.1129,-2.0236088238158167,5.993748113932926e-14,4.0372843742370605,-1.3436405658721924,-0.0,2.1950955390930176,4.651257200832031,0.0,0.29816505312919617,-1.638268772755758,0.0,-0.0010293303057551384,1.1571850776672363,-0.0,-0.009827076457440853,0.7790913581848145,0.0,0.012394208461046219
87.0,112.0,2.0399,-0.4181,9.1478,-0.0373,0.0194,-0.1129,-2.0236369572081507,1.447419764396953e-19,4.024367332458496,-1.3436205387115479,-0.0,2.166998863220215,4.651277704829834,0.0,0.28744328022003174,-1.6382845083819788,0.0,0.005744463764131069,1.1571204662322998,-0.0,-0.011426059529185295,0.7790508270263672,0.0,0.02767781727015972
87.0,112.0,2.0399,-0.4181,9.1478,-0.0373,0.0194,-0.1129,-2.023637434045309,3.4953487472827754e-25,4.029202461242676,-1.3435755968093872,-0.0,2.1014957427978516,4.6513096529194335,0.0,0.29302865266799927,-1.6382601896869105,0.0,-0.002388030057772994,1.1571893692016602,-0.0,0.005554911680519581,0.7790991067886353,5.376601941442516e-10,-0.023805812001228333
87.0,112.0,2.0399,-0.4181,9.1478,-0.0373,0.0194,-0.1129,-2.0236250362791957,1.1324483354423508e-32,3.9998741149902344,-1.343559980392456,-0.0,2.15791654586792,4.651333971614502,0.0,0.2894108295440674,-1.6383126417743128,0.0,0.007481783628463745,1.157172679901123,-0.0,-0.022902758792042732,0.779026448726654,1.741950552988683e-17,-0.03471972793340683
87.0,112.0,2.0399,-0.4181,9.1478,-0.0373,0.0194,-0.1129,-2.023661275903219,2.7347292414254546e-38,4.069127082824707,-1.3435359001159668,-0.0,2.1589252948760986,4.6512815195271,0.0,0.2951362431049347,-1.6382644812213343,0.0,0.008142256177961826,1.1571650505065918,-0.0,-0.01793425902724266,0.7791153192520142,4.206605825800839e-23,0.03241521865129471
87.0,112.0,2.0399,-0.4181,9.1478,-0.0373,0.0194,-0.1129,-2.0236088238158167,6.58610278232664e-44,4.060195446014404,-1.343559980392456,-0.0,2.188305377960205,4.651345892543457,0.0,0.2895492911338806,-1.638268772755758,0.0,-0.009510194882750511,1.157149076461792,-0.0,-0.01303162518888712,0.7790791392326355,1.0158459529003874e-28,0.00140900700353086
84.0,112.0,1.9759,-0.4648,9.3111,-0.0334,0.0214,-0.1156,-2.02364506343984,0.0,4.038769245147705,-1.3435518741607666,-0.0,2.1366353034973145,4.651345892543457,0.0,0.2921401560306549,-1.6382964293109339,0.0,0.005213626194745302,1.1571810245513916,-0.0,-0.019123554229736328,0.7790388464927673,2.453148573869388e-34,-0.025989241898059845
84.0,112.0,1.9759,-0.4648,9.3111,-0.0334,0.0214,-0.1156,-2.02364506343984,0.0,4.0417585372924805,-1.3436123132705688,-0.0,2.1716296672821045,4.6513096529194335,0.0,0.30283230543136597,-1.6383126417743128,0.0,0.01520917471498251,1.1571650505065918,-0.0,-0.015450181439518929,0.779079020023346,5.9240593228563804e-40,0.028334230184555054
84.0,112.0,1.9759,-0.4648,9.3111,-0.0334,0.0214,-0.1156,-2.02364506343984,0.0,4.049741744995117,-1.343531608581543,-0.0,2.161639451980591,4.6513258653828125,0.0,0.2917673885822296,-1.6382644812213343,0.0,0.0007686589378863573,1.1571691036224365,-0.0,-0.02199249342083931,0.779066801071167,1.401298464324817e-45,0.013527503237128258
84.0,112.0,1.9759,-0.4648,9.3111,-0.0334,0.0214,-0.1156,-2.02362122158193,0.0,4.041266918182373,-1.3435797691345215,-0.0,2.1235716342926025,4.6513377863117675,0.0,0.2841948866844177,-1.638268772755758,0.0,-0.008449329063296318,1.1571447849273682,-0.0,-0.012229787185788155,0.779087245464325,0.0,-0.0546475425362587
84.0,112.0,1.9759,-0.4648,9.3111,-0.0334,0.0214,-0.1156,-2.0235969028868617,0.0,4.094184398651123,-1.3435399532318115,-0.0,2.1641623973846436,4.6513258653828125,0.0,0.282688707113266,-1.6383007208453577,0.0,0.010159590281546116,1.157149076461792,-0.0,-0.001317592104896903,0.7790467143058777,0.0,0.009200318716466427
84.0,112.0,1.9759,-0.4648,9.3111,-0.0334,0.0214,-0.1156,-2.0236088238158167,0.0,4.076207160949707,-1.3435559272766113,-0.0,2.142158269882202,4.651350184077881,0.0,0.2920582890510559,-1.6382764021502894,0.0,0.004845320712774992,1.157160758972168,-0.0,-0.0041981469839811325,0.779075026512146,0.0,0.023702066391706467
84.0,112.0,1.9759,-0.4648,9.3111,-0.0334,0.0214,-0.1156,-2.0236813030638636,0.0,3.996500015258789,-1.3435641527175903,-0.0,2.1284868717193604,4.6513377863117675,0.0,0.2942551076412201,-1.6382601896869105,0.0,-0.010834754444658756,1.1572377681732178,-0.0,-0.015351925045251846,0.7790991067886353,0.0,0.034325867891311646
84.0,112.0,1.9759,-0.4648,9.3111,-0.0334,0.0214,-0.1156,-2.0236455402769984,0.0,4.004520893096924,-1.3435839414596558,-0.0,2.1553256511688232,4.651293440456055,0.0,0.2981000244617462,-1.6382196585284632,0.0,0.009865444153547287,1.1571691036224365,-0.0,-0.019859610125422478,0.7790469527244568,0.0,0.006307403091341257
84.0,112.0,1.9759,-0.4648,9.3111,-0.0334,0.0214,-0.1156,-2.0236650906004847,0.0,4.079241752624512,-1.3436164855957031,-0.0,2.149033546447754,4.6513096529194335,0.0,0.2973397970199585,-1.6382277647601526,0.0,-0.010161311365664005,1.157148838043213,-0.0,-0.015215624123811722,0.7790627479553223,0.0,-0.04615189880132675
84.0,112.0,1.9759,-0.4648,9.3111,-0.0334,0.0214,-0.1156,-2.023649354974264,0.0,4.060173034667969,-1.3435755968093872,-0.0,2.107556104660034,4.6513096529194335,0.0,0.2959679961204529,-1.6382234732257288,0.0,0.01314416155219078,1.1572420597076416,-0.0,-0.011720103211700916,0.7791153192520142,0.0,0.012836086563766003
84.0,112.0,1.9759,-0.4648,9.3111,-0.0334,0.0214,-0.1156,-2.0236813030638636,0.0,4.000644683837891,-1.3435797691345215,-0.0,2.154855966567993,4.651293440456055,0.0,0.28554728627204895,-1.6382964293109339,0.0,0.003488992340862751,1.1571850776672363,-0.0,-0.011869415640830994,0.7790950536727905,0.0,-0.008748238906264305
84.0,112.0,1.9759,-0.4648,9.3111,-0.0334,0.0214,-0.1156,-2.0236569843687953,0.0,4.045412540435791,-1.3436123132705688,-0.0,2.1678967475891113,4.651333494777344,0.0,0.2841036915779114,-1.6382845083819788,0.0,0.003159134415909648,1.1571404933929443,-0.0,-0.014658346772193909,0.7790873050689697,0.0,0.007362042553722858
84.0,112.0,1.9759,-0.4648,9.3111,-0.0334,0.0214,-0.1156,-2.0236813030638636,0.0,3.9987945556640625,-1.3435759544372559,-0.0,2.136888027191162,4.651345892543457,0.0,0.2982461452484131,-1.6382682959186,0.0,-0.007507501170039177,1.1571567058563232,-0.0,-0.008535194210708141,0.7790831327438354,0.0,0.027581410482525826
84.0,112.0,1.9759,-0.4648,9.3111,-0.0334,0.0214,-0.1156,-2.02367701152944,0.0,4.02785587310791,-1.3436003923416138,-0.0,2.1730501651763916,4.6512977319904785,0.0,0.2876781225204468,-1.638240162526266,0.0,0.0024438893888145685,1.1572099924087524,-0.0,-0.017005741596221924,0.7791152596473694,0.0,-0.038049835711717606
84.0,112.0,2.0447,-0.3972,9.2046,-0.0423,0.0195,-0.1179,-2.023592611352438,0.0,4.064676284790039,-1.3435839414596558,-0.0,2.1293721199035645,4.6513377863117675,0.0,0.29404306411743164,-1.638308350239889,0.0,-0.0004263578448444605,1.1572216749191284,-0.0,-0.005291203036904335,0.7790831327438354,0.0,-0.011394931934773922
84.0,112.0,2.0447,-0.3972,9.2046,-0.0423,0.0195,-0.1179,-2.0236369572081507,0.0,4.009547233581543,-1.3435760736465454,-0.0,2.1892881393432617,4.6513096529194335,0.0,0.29142066836357117,-1.6382444540606897,0.0,0.008382523432374,1.1571691036224365,-0.0,-0.0044249012134969234,0.7790873050689697,0.0,0.00023370294366031885
84.0,112.0,2.0447,-0.3972,9.2046,-0.0423,0.0195,-0.1179,-2.0236975155272425,0.0,4.024081230163574,-1.3435280323028564,-0.0,2.160001516342163,4.65130536138501,0.0,0.29521381855010986,-1.6382525602923792,0.0,-0.004404956009238958,1.157221794128418,-0.0,-0.020314939320087433,0.7790147066116333,0.0,-0.007830582559108734
84.0,112.0,2.0447,-0.3972,9.2046,-0.0423,0.0195,-0.1179,-2.0236569843687953,0.0,4.080342769622803,-1.3435518741607666,-0.0,2.1461567878723145,4.65130536138501,0.0,0.29067033529281616,-1.6382644812213343,0.0,-0.0072880275547504425,1.1571531295776367,-0.0,-0.010707512497901917,0.7790467739105225,0.0,0.0009754693601280451
84.0,112.0,2.0447,-0.3972,9.2046,-0.0423,0.0195,-0.1179,-2.0236689052977503,0.0,4.065828323364258,-1.3435559272766113,-0.0,2.1394944190979004,4.6513096529194335,0.0,0.30124446749687195,-1.6382444540606897,0.0,-0.004077954683452845,1.1571691036224365,-0.0,-0.006117880344390869,0.7791394591331482,0.0,-0.00672352546826005
84.0,112.0,2.0447,-0.3972,9.2046,-0.0423,0.0195,-0.1179,-2.023673196832174,0.0,4.0163702964782715,-1.3435114622116089,-0.0,2.119537591934204,4.651321573848389,0.0,0.2916172742843628,-1.6382806936847132,0.0,-0.0006774857174605131,1.1572099924087524,-0.0,-0.02484692819416523,0.7790709733963013,0.0,-0.04385785013437271
84.0,112.0,2.0447,-0.3972,9.2046,-0.0423,0.0195,-0.1179,-2.0236407719054164,0.0,4.024618625640869,-1.3436123132705688,-0.0,2.1959304809570312,4.65129725515332,0.0,0.29251691699028015,-1.6382644812213343,0.0,-0.00327789643779397,1.1571850776672363,-0.0,-0.020560521632432938,0.779075026512146,0.0,-0.05389004200696945
84.0,112.0,2.0447,-0.3972,9.2046,-0.0423,0.0195,-0.1179,-2.023633142510885,0.0,4.018143177032471,-1.3435800075531006,-0.0,2.1398863792419434,4.651301546687744,0.0,0.29775750637054443,-1.6382883230792444,0.0,-0.0046274070627987385,1.1571404933929443,-0.0,-0.01832081936299801,0.7790831327438354,0.0,-0.006813123822212219
84.0,112.0,2.0447,-0.3972,9.2046,-0.0423,0.0195,-0.1179,-2.0236650906004847,0.0,4.036340713500977,-1.343543529510498,-0.0,2.1956839561462402,4.65127341329541,0.0,0.2937091290950775,-1.6382234732257288,0.0,0.00911575835198164,1.1571323871612549,-0.0,-0.01857915148139,0.7790950536727905,0.0,-0.012545035220682621
84.0,112.0,2.0447,-0.3972,9.2046,-0.0423,0.0195,-0.1179,-2.0235969028868617,0.0,4.017996311187744,-1.3435156345367432,-0.0,2.166691541671753,4.6513377863117675,0.0,0.2983863055706024,-1.6382764021502894,0.0,-0.0027898428961634636,1.157221794128418,-0.0,-0.005199244245886803,0.7790306210517883,0.0,-0.013516249135136604
84.0,112.0,2.0447,-0.3972,9.2046,-0.0423,0.0195,-0.1179,-2.0236369572081507,0.0,4.043746471405029,-1.3435641527175903,-0.0,2.1118955612182617,4.651313467616699,0.0,0.29214543104171753,-1.6382644812213343,0.0,0.006986897438764572,1.1572177410125732,-0.0,-0.022777056321501732,0.7790467143058777,0.0,-0.06259434670209885
84.0,112.0,2.0447,-0.3972,9.2046,-0.0423,0.0195,-0.1179,-2.0236250362791957,0.0,3.9850268363952637,-1.3435440063476562,-0.0,2.1897058486938477,4.65130536138501,0.0,0.2922610938549042,-1.6382601896869105,0.0,0.0025839086156338453,1.157221794128418,-0.0,-0.001884981757029891,0.7790590524673462,0.0,0.018174365162849426
84.0,112.0,2.0447,-0.3972,9.2046,-0.0423,0.0195,-0.1179,-2.0236250362791957,0.0,4.0665507316589355,-1.34359610080719,-0.0,2.152179718017578,4.651362105006836,0.0,0.29757755994796753,-1.6382887999164026,0.0,0.0022291895002126694,1.1572012901306152,-0.0,-0.02340094745159149,0.779095470905304,0.0,0.01624954864382744
84.0,112.0,2.0447,-0.3972,9.2046,-0.0423,0.0195,-0.1179,-2.0236569843687953,0.0,4.029946804046631,-1.3435715436935425,-0.0,2.1931586265563965,4.65130536138501,0.0,0.2882135212421417,-1.6382725874530237,0.0,-0.0047704786993563175,1.1571934223175049,-0.0,-0.02295922301709652,0.7790790796279907,0.0,-0.021763481199741364
84.0,112.0,2.0447,-0.3972,9.2046,-0.0423,0.0195,-0.1179,-2.023649354974264,0.0,4.000118732452393,-1.3436126708984375,-0.0,2.184194803237915,4.651333971614502,0.0,0.28054922819137573,-1.6382926146136683,0.0,0.005530241876840591,1.1572341918945312,-0.0,-0.01900167390704155,0.7790305018424988,0.0,0.019433218985795975
86.0,111.0,1.9687,-0.4187,9.2614,-0.0367,0.0211,-0.1139,-2.023637434045309,0.0,4.030266284942627,-1.3435759544372559,-0.0,2.142956256866455,4.6513258653828125,0.0,0.300132155418396,-1.6382806936847132,0.0,0.0033311161678284407,1.1571850776672363,-0.0,-0.005650918930768967,0.7790467739105225,0.0,0.035308875143527985
86.0,111.0,1.9687,-0.4187,9.2614,-0.0367,0.0211,-0.1139,-2.0236369572081507,0.0,4.080630302429199,-1.3435156345367432,-0.0,2.218381881713867,4.651321573848389,0.0,0.2872535288333893,-1.6382721106158655,0.0,0.004582338035106659,1.1571406126022339,-0.0,-0.016448237001895905,0.7790388464927673,0.0,-0.023191431537270546
86.0,111.0,1.9687,-0.4187,9.2614,-0.0367,0.0211,-0.1139,-2.0236250362791957,0.0,4.070157051086426,-1.3435800075531006,-0.0,2.184987783432007,4.651281042689941,0.0,0.2957720160484314,-1.6382764021502894,0.0,0.0018597218440845609,1.157172679901123,-0.0,-0.008850946091115475,0.7791354060173035,0.0,-0.0049645002000033855
86.0,111.0,1.9687,-0.4187,9.2614,-0.0367,0.0211,-0.1139,-2.023673196832174,0.0,4.079145431518555,-1.3435719013214111,-0.0,2.111560344696045,4.65130536138501,0.0,0.30126070976257324,-1.6383045355426233,0.0,-0.01041343528777361,1.1571531295776367,-0.0,-0.006574030965566635,0.7790709733963013,0.0,-0.03498828783631325
86.0,111.0,1.9687,-0.4187,9.2614,-0.0367,0.0211,-0.1139,-2.023673196832174,0.0,4.024444580078125,-1.3435522317886353,-0.0,2.126138210296631,4.6513258653828125,0.0,0.2964961528778076,-1.638235870991842,0.0,-0.0018005755264312029,1.1572496891021729,-0.0,-0.009151843376457691,0.7790346741676331,0.0,-0.028033746406435966
86.0,111.0,1.9687,-0.4187,9.2614,-0.0367,0.0211,-0.1139,-2.023673196832174,0.0,4.06932258605957,-1.343559980392456,-0.0,2.137460708618164,4.651333494777344,0.0,0.29576826095581055,-1.6382764021502894,0.0,0.0004657962126657367,1.1571650505065918,-0.0,-0.010983522981405258,0.7790590524673462,0.0,0.005749749019742012
86.0,111.0,1.9687,-0.4187,9.2614,-0.0367,0.0211,-0.1139,-2.0236646137633265,0.0,4.072370529174805,-1.343543529510498,-0.0,2.159395694732666,4.6513096529194335,0.0,0.289502888917923,-1.638240162526266,0.0,0.004063158296048641,1.1571767330169678,-0.0,-0.01420458871871233,0.7790346741676331,0.0,-0.029753930866718292
86.0,111.0,1.9687,-0.4187,9.2614,-0.0367,0.0211,-0.1139,-2.0237094364561976,0.0,4.038321018218994,-1.3435359001159668,-0.0,2.1127641201019287,4.6512977319904785,0.0,0.30041536688804626,-1.6382806936847132,0.0,-0.003108860459178686,1.1571531295776367,-0.0,-0.004612160846590996,0.7790950536727905,0.0,-0.0222613625228405
86.0,111.0,1.9687,-0.4187,9.2614,-0.0367,0.0211,-0.1139,-2.0236369572081507,0.0,4.004076957702637,-1.3435879945755005,-0.0,2.1638004779815674,4.651341601009033,0.0,0.2937430441379547,-1.638212029133932,0.0,-0.0006391636561602354,1.1572017669677734,-0.0,-0.012632756493985653,0.7790790796279907,0.0,-0.002171190921217203
86.0,111.0,1.9687,-0.4187,9.2614,-0.0367,0.0211,-0.1139,-2.023673196832174,0.0,4.023996353149414,-1.3435839414596558,-0.0,2.199958562850952,4.6513377863117675,0.0,0.30081379413604736,-1.6382721106158655,0.0,0.011156713590025902,1.1571044921875,-0.0,-0.01872243359684944,0.7790709733963013,0.0,-0.006808840669691563
86.0,111.0,1.9687,-0.4187,9.2614,-0.0367,0.0211,-0.1139,-2.0236526928343714,0.0,4.0035858154296875,-1.3435317277908325,-0.0,2.145685911178589,4.6513258653828125,0.0,0.2990318536758423,-1.6382883230792444,0.0,0.0027944680768996477,1.157149076461792,-0.0,-0.014193515293300152,0.7790991067886353,0.0,-0.06735542416572571
86.0,111.0,1.9687,-0.4187,9.2614,-0.0367,0.0211,-0.1139,-2.023620744744772,0.0,4.046512603759766,-1.3435797691345215,-0.0,2.218198299407959,4.651333494777344,0.0,0.2955624461174011,-1.6383169333087366,0.0,0.013526705093681812,1.1571810245513916,-0.0,-0.024974651634693146,0.7790831327438354,0.0,-0.01590200513601303
86.0,111.0,1.9687,-0.4187,9.2614,-0.0367,0.0211,-0.1139,-2.0236288509764613,0.0,4.042257308959961,-1.3435962200164795,-0.0,2.1504523754119873,4.6512977319904785,0.0,0.2975475788116455,-1.6382764021502894,0.0,0.0017712456174194813,1.1571531295776367,-0.0,-0.015001282095909119,0.7791032791137695,0.0,-0.03940490633249283
86.0,111.0,1.9687,-0.4187,9.2614,-0.0367,0.0211,-0.1139,-2.0236011944212855,0.0,4.047399520874023,-1.343559980392456,-0.0,2.1417412757873535,4.6513258653828125,0.0,0.289868026971817,-1.6382721106158655,0.0,0.0059081693179905415,1.1572058200836182,-0.0,-0.023793641477823257,0.779095470905304,0.0,-0.009231071919202805
86.0,111.0,1.9687,-0.4187,9.2614,-0.0367,0.0211,-0.1139,-2.023673196832174,0.0,4.022054672241211,-1.3435879945755005,-0.0,2.1557068824768066,4.6513096529194335,0.0,0.28704315423965454,-1.6382601896869105,0.0,0.004310933407396078,1.1571810245513916,-0.0,-0.007770084775984287,0.7790627479553223,0.0,-0.011274060234427452
84.0,112.0,2.0195,-0.4253,9.1005,-0.0371,0.0166,-0.1126,-2.02367701152944,0.0,4.055325031280518,-1.3435678482055664,-0.0,2.1333727836608887,4.6512486177631835,0.0,0.294055700302124,-1.6382320562945765,0.0,0.001072122249752283,1.1571977138519287,-0.0,0.007970049977302551,0.7790873050689697,0.0,0.028194691985845566
84.0,112.0,2.0195,-0.4253,9.1005,-0.0371,0.0166,-0.1126,-2.0236531696715296,0.0,4.063399791717529,-1.3435879945755005,-0.0,2.12235164642334,4.651313944453857,0.0,0.2977266311645508,-1.6382964293109339,0.0,0.009767482988536358,1.1571364402770996,-0.0,-0.01797480136156082,0.779066801071167,0.0,-0.012097766622900963
84.0,112.0,2.0195,-0.4253,9.1005,-0.0371,0.0166,-0.1126,-2.0236007175841273,0.0,4.041858673095703,-1.3435477018356323,-0.0,2.1348745822906494,4.651289625758789,0.0,0.300686776638031,-1.6382444540606897,0.0,0.0006738284137099981,1.1571850776672363,-0.0,-0.015270564705133438,0.7790709733963013,0.0,-0.01364078652113676
84.0,112.0,2.0195,-0.4253,9.1005,-0.0371,0.0166,-0.1126,-2.023661275903219,0.0,4.0249924659729,-1.3435595035552979,-0.0,2.1188297271728516,4.651349707240723,0.0,0.3004550039768219,-1.6383164564715784,0.0,0.009989794343709946,1.1572377681732178,-0.0,-0.021765556186437607,0.7790749669075012,0.0,0.01760920137166977
84.0,112.0,2.0195,-0.4253,9.1005,-0.0371,0.0166,-0.1126,-2.0236650906004847,0.0,4.011087417602539,-1.3436164855957031,-0.0,2.1781845092773438,4.6513377863117675,0.0,0.2982335388660431,-1.6382644812213343,0.0,0.0068686469458043575,1.1572058200836182,-0.0,-0.015265510417521,0.7790991067886353,0.0,-0.02749323472380638
84.0,112.0,2.0195,-0.4253,9.1005,-0.0371,0.0166,-0.1126,-2.023605009118551,0.0,4.018917083740234,-1.3435839414596558,-0.0,2.114168167114258,4.6513258653828125,0.0,0.29467928409576416,-1.6382525602923792,0.0,-0.010178163647651672,1.1571691036224365,-0.0,-0.02019040659070015,0.7790508270263672,0.0,-0.014931617304682732
84.0,112.0,2.0195,-0.4253,9.1005,-0.0371,0.0166,-0.1126,-2.0236369572081507,0.0,4.039533615112305,-1.3435359001159668,-0.0,2.1596264839172363,4.65130536138501,0.0,0.28930848836898804,-1.6382926146136683,0.0,0.0037725544534623623,1.157148838043213,-0.0,-0.012582259252667427,0.7790627479553223,0.0,-0.014270775020122528
84.0,112.0,2.0195,-0.4253,9.1005,-0.0371,0.0166,-0.1126,-2.0236407719054164,0.0,4.044988632202148,-1.3435440063476562,-0.0,2.178004741668701,4.6513258653828125,0.0,0.29210546612739563,-1.6382806936847132,0.0,0.001219443278387189,1.1571447849273682,-0.0,-0.006589268334209919,0.7790668606758118,0.0,0.032865025103092194
84.0,112.0,2.0195,-0.4253,9.1005,-0.0371,0.0166,-0.1126,-2.0236250362791957,0.0,4.022211074829102,-1.3435719013214111,-0.0,2.1528818607330322,4.65129725515332,0.0,0.2997075319290161,-1.638268772755758,0.0,0.009849433787167072,1.1571810245513916,-0.0,-0.016285859048366547,0.7790913581848145,0.0,-0.021139226853847504
84.0,112.0,2.0195,-0.4253,9.1005,-0.0371,0.0166,-0.1126,-2.023661275903219,0.0,4.0205488204956055,-1.3436126708984375,-0.0,2.160684108734131,4.651329680080078,0.0,0.2939017415046692,-1.6382926146136683,0.0,-0.0021009878255426884,1.1571650505065918,-0.0,-0.01607959158718586,0.7791073322296143,0.0,0.011539649218320847
84.0,112.0,2.0195,-0.4253,9.1005,-0.0371,0.0166,-0.1126,-2.023649354974264,0.0,4.060068607330322,-1.3436005115509033,-0.0,2.172901153564453,4.651285334224365,0.0,0.28459540009498596,-1.6382196585284632,0.0,8.653628174215555e-05,1.157160758972168,-0.0,-0.012984627857804298,0.7791194319725037,0.0,0.010359048843383789
84.0,112.0,2.0195,-0.4253,9.1005,-0.0371,0.0166,-0.1126,-2.023661275903219,0.0,4.0552802085876465,-1.3435879945755005,-0.0,2.1539382934570312,4.651289625758789,0.0,0.29879412055015564,-1.6382959524737757,0.0,-0.008977139368653297,1.157210111618042,-0.0,-0.005676986649632454,0.779066801071167,0.0,-0.03231947869062424
84.0,112.0,2.0195,-0.4253,9.1005,-0.0371,0.0166,-0.1126,-2.023661275903219,0.0,4.0335798263549805,-1.343519687652588,-0.0,2.1672701835632324,4.651313944453857,0.0,0.2835986018180847,-1.6382883230792444,0.0,-0.0015224231174215674,1.1571975946426392,-0.0,-0.008315394632518291,0.7791071534156799,0.0,-0.016661053523421288
84.0,112.0,2.0195,-0.4253,9.1005,-0.0371,0.0166,-0.1126,-2.023637434045309,0.0,4.059140682220459,-1.3436286449432373,-0.0,2.113402843475342,4.651329680080078,0.0,0.29568183422088623,-1.6382883230792444,0.0,0.005696970969438553,1.1571810245513916,-0.0,-0.013102611526846886,0.7791073322296143,0.0,-0.035485390573740005
84.0,112.0,2.0195,-0.4253,9.1005,-0.0371,0.0166,-0.1126,-2.02364506343984,0.0,4.017514228820801,-1.3435559272766113,-0.0,2.156534194946289,4.65130536138501,0.0,0.2921101450920105,-1.6382601896869105,0.0,-0.005523418076336384,1.1572012901306152,-0.0,-0.025371072813868523,0.7790305614471436,0.0,0.012165326625108719
87.0,113.0,2.0231,-0.4164,9.1579,-0.0279,0.0168,-0.1165,-2.0236569843687953,0.0,4.056909561157227,-1.343559980392456,-0.0,2.165177822113037,4.651277704829834,0.0,0.30483096837997437,-1.6382525602923792,0.0,0.004130618646740913,1.1571691036224365,-0.0,-0.01344573125243187,0.7790790796279907,0.0,-0.03643413633108139
87.0,113.0,2.0231,-0.4164,9.1579,-0.0279,0.0168,-0.1165,-2.0236650906004847,0.0,4.067808151245117,-1.3435399532318115,-0.0,2.1298933029174805,4.6513258653828125,0.0,0.30283239483833313,-1.6382764021502894,0.0,0.0048027667216956615,1.1571650505065918,-0.0,-0.017898371443152428,0.7791073322296143,0.0,0.013398325070738792
87.0,113.0,2.0231,-0.4164,9.1579,-0.0279,0.0168,-0.1165,-2.023661275903219,0.0,4.027851581573486,-1.343559980392456,-0.0,2.15291428565979,4.65136639654126,0.0,0.29175978899002075,-1.638252083455221,0.0,0.0043645575642585754,1.1571934223175049,-0.0,-0.010846586897969246,0.7791234254837036,0.0,-0.010367577895522118
87.0,113.0,2.0231,-0.4164,9.1579,-0.0279,0.0168,-0.1165,-2.0236531696715296,0.0,4.011549472808838,-1.3435518741607666,-0.0,2.1313276290893555,4.6513258653828125,0.0,0.3031233847141266,-1.6382563749896448,0.0,0.003634478896856308,1.1571004390716553,-0.0,-0.003628820413723588,0.7790873050689697,0.0,-0.02082110196352005
87.0,113.0,2.0231,-0.4164,9.1579,-0.0279,0.0168,-0.1165,-2.023649354974264,0.0,4.046955108642578,-1.3435797691345215,-0.0,2.1542086601257324,4.6513377863117675,0.0,0.29097041487693787,-1.6382883230792444,0.0,-0.00214058137498796,1.1571240425109863,-0.0,-0.00790845975279808,0.7790831327438354,0.0,0.03564788028597832
87.0,113.0,2.0231,-0.4164,9.1579,-0.0279,0.0168,-0.1165,-2.023689409295553,0.0,4.0096659660339355,-1.3435920476913452,-0.0,2.170574903488159,4.6513096529194335,0.0,0.27848339080810547,-1.6382764021502894,0.0,0.01340806670486927,1.1571571826934814,-0.0,-0.004821767099201679,0.7790709733963013,0.0,0.02439369633793831
87.0,113.0,2.0231,-0.4164,9.1579,-0.0279,0.0168,-0.1165,-2.0236650906004847,0.0,4.01508903503418,-1.3435879945755005,-0.0,2.1727030277252197,4.651321573848389,0.0,0.30121296644210815,-1.6383126417743128,0.0,-0.00017429323634132743,1.1571850776672363,-0.0,-0.023363949730992317,0.7791275978088379,0.0,0.04698333516716957
87.0,113.0,2.0231,-0.4164,9.1579,-0.0279,0.0168,-0.1165,-2.0236407719054164,0.0,4.027256965637207,-1.3435317277908325,-0.0,2.1814794540405273,4.651341601009033,0.0,0.30589258670806885,-1.6383283774005335,0.0,-0.002491721883416176,1.1571815013885498,-0.0,-0.013488927856087685,0.779111385345459,0.0,-0.01582964137196541
87.0,113.0,2.0231,-0.4164,9.1579,-0.0279,0.0168,-0.1165,-2.0236693821349085,0.0,4.0732293128967285,-1.3435759544372559,-0.0,2.1658263206481934,4.651317282313965,0.0,0.3020992875099182,-1.6382964293109339,0.0,-0.0014123821165412664,1.157210111618042,-0.0,-0.007704423740506172,0.779075026512146,0.0,0.01624073088169098
87.0,113.0,2.0231,-0.4164,9.1579,-0.0279,0.0168,-0.1165,-2.023637434045309,0.0,4.051103591918945,-1.3436005115509033,-0.0,2.186711072921753,4.651317282313965,0.0,0.29739195108413696,-1.6382320562945765,0.0,0.0209954883903265,1.1571531295776367,-0.0,-0.002626919187605381,0.7790791392326355,0.0,0.009017087519168854
87.0,113.0,2.0231,-0.4164,9.1579,-0.0279,0.0168,-0.1165,-2.023633142510885,0.0,4.015746593475342,-1.3435636758804321,-0.0,2.147372245788574,4.651353998775146,0.0,0.3001024127006531,-1.6382887999164026,0.0,0.00010058115003630519,1.1571767330169678,-0.0,0.0014813109301030636,0.7791235446929932,0.0,0.009359074756503105
87.0,113.0,2.0231,-0.4164,9.1579,-0.0279,0.0168,-0.1165,-2.0236813030638636,0.0,4.0447235107421875,-1.3435440063476562,-0.0,2.174624443054199,4.651345892543457,0.0,0.2953301966190338,-1.6382883230792444,0.0,0.004746381193399429,1.1571571826934814,-0.0,-0.018537241965532303,0.7790991067886353,0.0,-0.024312365800142288
87.0,113.0,2.0231,-0.4164,9.1579,-0.0279,0.0168,-0.1165,-2.0236011944212855,0.0,4.049291610717773,-1.3436087369918823,-0.0,2.1727962493896484,4.6513258653828125,0.0,0.30714622139930725,-1.6382563749896448,0.0,-0.003661585506051779,1.1571526527404785,-0.0,-0.01346102450042963,0.7790954113006592,0.0,-0.03568039834499359
87.0,113.0,2.0231,-0.4164,9.1579,-0.0279,0.0168,-0.1165,-2.023620744744772,0.0,4.044376373291016,-1.3435924053192139,-0.0,2.130483865737915,4.651313944453857,0.0,0.29488134384155273,-1.638308350239889,0.0,-0.013611176051199436,1.1571850776672363,-0.0,-0.012008055113255978,0.7790831327438354,0.0,-0.003950536251068115
86.0,114.0,1.9083,-0.4798,9.4026,-0.0367,0.0286,-0.1139,-2.0236407719054164,0.0,4.01604700088501,-1.343604564666748,-0.0,2.1506056785583496,4.651301546687744,0.0,0.29795873165130615,-1.6383283774005335,0.0,-0.006986512802541256,1.1571650505065918,-0.0,-0.006301432847976685,0.779095470905304,0.0,-0.012386584654450417
86.0,114.0,1.9083,-0.4798,9.4026,-0.0367,0.0286,-0.1139,-2.0236407719054164,0.0,4.009469985961914,-1.3435518741607666,-0.0,2.1338679790496826,4.651345892543457,0.0,0.28793177008628845,-1.638268772755758,0.0,-0.006862402893602848,1.1571531295776367,-0.0,-0.018561359494924545,0.7790468335151672,0.0,1.3136304914951324e-05
86.0,114.0,1.9083,-0.4798,9.4026,-0.0367,0.0286,-0.1139,-2.02367701152944,0.0,4.001511573791504,-1.3435477018356323,-0.0,2.1946983337402344,4.6512815195271,0.0,0.2905999422073364,-1.6383088270770472,0.0,-0.002176716923713684,1.1571850776672363,-0.0,-0.0009788093157112598,0.7790913581848145,0.0,-0.003294452093541622
86.0,114.0,1.9083,-0.4798,9.4026,-0.0367,0.0286,-0.1139,-2.0236369572081507,0.0,4.023108005523682,-1.343596339225769,-0.0,2.1553330421447754,4.651285334224365,0.0,0.30358797311782837,-1.6382806936847132,0.0,0.004243413917720318,1.1571531295776367,-0.0,-0.012498125433921814,0.7790912985801697,0.0,0.006099441088736057
86.0,114.0,1.9083,-0.4798,9.4026,-0.0367,0.0286,-0.1139,-2.0236650906004847,0.0,4.056353569030762,-1.3435559272766113,-0.0,2.1644749641418457,4.651317282313965,0.0,0.2948128879070282,-1.6383007208453577,0.0,0.003038884373381734,1.1572260856628418,-0.0,-0.01536642201244831,0.7790991067886353,0.0,-0.006784006953239441
86.0,114.0,1.9083,-0.4798,9.4026,-0.0367,0.0286,-0.1139,-2.0235969028868617,0.0,4.020685195922852,-1.3435715436935425,-0.0,2.110775947570801,4.651293440456055,0.0,0.2939601242542267,-1.638240162526266,0.0,0.0029763909988105297,1.1571731567382812,-0.0,-0.007275919429957867,0.7790790796279907,0.0,-0.007805188652127981
86.0,114.0,1.9083,-0.4798,9.4026,-0.0367,0.0286,-0.1139,-2.0236250362791957,0.0,4.03974723815918,-1.3435513973236084,-0.0,2.131016969680786,4.651317282313965,0.0,0.3003615736961365,-1.6382482687579554,0.0,-0.0017679999582469463,1.157160758972168,-0.0,-0.008009353652596474,0.7790428996086121,0.0,0.011538589373230934
86.0,114.0,1.9083,-0.4798,9.4026,-0.0367,0.0286,-0.1139,-2.0236531696715296,0.0,4.035200119018555,-1.3435879945755005,-0.0,2.1310505867004395,4.651313944453857,0.0,0.28868189454078674,-1.6382764021502894,0.0,0.014243606477975845,1.1571810245513916,-0.0,0.0018194355070590973,0.7790467739105225,0.0,-0.02363414876163006
86.0,114.0,1.9083,-0.4798,9.4026,-0.0367,0.0286,-0.1139,-2.02364506343984,0.0,3.998265504837036,-1.3435719013214111,-0.0,2.1398611068725586,4.6513258653828125,0.0,0.28534191846847534,-1.6383245627032679,0.0,-5.970476195216179e-05,1.1572093963623047,-0.0,-0.010606910102069378,0.779095470905304,0.0,-0.009278016164898872
86.0,114.0,1.9083,-0.4798,9.4026,-0.0367,0.0286,-0.1139,-2.02364506343984,0.0,4.007822036743164,-1.343559980392456,-0.0,2.1744258403778076,4.6513377863117675,0.0,0.2860831618309021,-1.6383007208453577,0.0,-0.006234224420040846,1.1571567058563232,-0.0,-0.01859953999519348,0.7790549993515015,0.0,-0.014407754875719547
86.0,114.0,1.9083,-0.4798,9.4026,-0.0367,0.0286,-0.1139,-2.023593088189596,0.0,4.029201984405518,-1.343500018119812,-0.0,2.174560070037842,4.651301546687744,0.0,0.29710012674331665,-1.6383126417743128,0.0,-8.491659536957741e-05,1.1571977138519287,-0.0,-0.005252108909189701,0.7790668606758118,0.0,0.018429961055517197
86.0,114.0,1.9083,-0.4798,9.4026,-0.0367,0.0286,-0.1139,-2.023593088189596,0.0,4.081392765045166,-1.343596339225769,-0.0,2.2032833099365234,4.651321573848389,0.0,0.3021561801433563,-1.6382964293109339,0.0,0.012578008696436882,1.1571447849273682,-0.0,-0.004287432413548231,0.7790790796279907,0.0,-0.0065333107486367226
86.0,114.0,1.9083,-0.4798,9.4026,-0.0367,0.0286,-0.1139,-2.0236131153502406,0.0,4.026711463928223,-1.3435275554656982,-0.0,2.1240952014923096,4.651329680080078,0.0,0.30191320180892944,-1.6382764021502894,0.0,-0.0005677062436006963,1.157221794128418,-0.0,-0.02354305423796177,0.7790709733963013,0.0,-0.007743265479803085
86.0,114.0,1.9083,-0.4798,9.4026,-0.0367,0.0286,-0.1139,-2.0236569843687953,0.0,4.091158390045166,-1.3435640335083008,-0.0,2.1850786209106445,4.65135829030957,0.0,0.30227726697921753,-1.6382601896869105,0.0,0.00651190523058176,1.1571815013885498,-0.0,-0.013741789385676384,0.7791032791137695,0.0,-0.02608373947441578
86.0,114.0,1.9083,-0.4798,9.4026,-0.0367,0.0286,-0.1139,-2.0236407719054164,0.0,4.04803466796875,-1.3435879945755005,-0.0,2.1402907371520996,4.6513258653828125,0.0,0.3079400658607483,-1.638212029133932,0.0,0.007918552495539188,1.1571892499923706,-0.0,-0.01098679006099701,0.779090940952301,0.0,-0.013771995902061462
86.0,110.0,1.9729,-0.4098,9.2788,-0.036,0.0174,-0.1185,-2.023661275903219,0.0,4.070352554321289,-1.3435678482055664,-0.0,2.1557161808013916,4.651302023524902,0.0,0.2915209233760834,-1.6382840315448206,0.0,-0.0027316168416291475,1.157160758972168,-0.0,-0.018778514117002487,0.7791111469268799,0.0,-0.01851637288928032
86.0,110.0,1.9729,-0.4098,9.2788,-0.036,0.0174,-0.1185,-2.02367701152944,0.0,4.036765098571777,-1.3435715436935425,-0.0,2.1701974868774414,4.6513377863117675,0.0,0.288099467754364,-1.6382644812213343,0.0,-0.006957382895052433,1.1571080684661865,-0.0,0.004054000601172447,0.7790468335151672,0.0,-0.008936121128499508
86.0,110.0,1.9729,-0.4098,9.2788,-0.036,0.0174,-0.1185,-2.0236813030638636,0.0,4.056342124938965,-1.3435157537460327,-0.0,2.1844639778137207,4.6513258653828125,0.0,0.28912603855133057,-1.6383007208453577,0.0,-0.00238127657212317,1.1571168899536133,-0.0,-0.0021397070959210396,0.7790912985801697,0.0,-0.0050437236204743385
86.0,110.0,1.9729,-0.4098,9.2788,-0.036,0.0174,-0.1185,-2.0236526928343714,0.0,4.071682453155518,-1.343548059463501,-0.0,2.1277549266815186,4.651289625758789,0.0,0.29202452301979065,-1.6382721106158655,0.0,0.0025860024616122246,1.1571567058563232,-0.0,-0.014104237779974937,0.7790549993515015,0.0,-0.009914787486195564
86.0,110.0,1.9729,-0.4098,9.2788,-0.036,0.0174,-0.1185,-2.0236369572081507,0.0,4.038769245147705,-1.3435280323028564,-0.0,2.190480947494507,4.651321573848389,0.0,0.29633694887161255,-1.638264004384176,0.0,0.00955874938517809,1.1571975946426392,-0.0,-0.007299764081835747,0.7791114449501038,0.0,-0.0007228914182633162
86.0,110.0,1.9729,-0.4098,9.2788,-0.036,0.0174,-0.1185,-2.0236250362791957,0.0,4.0011887550354,-1.3435440063476562,-0.0,2.1310372352600098,4.651345892543457,0.0,0.3013070821762085,-1.6383007208453577,0.0,0.00010870466940104961,1.157189130783081,-0.0,-0.019572021439671516,0.7790428996086121,0.0,-0.0031440635211765766
86.0,110.0,1.9729,-0.4098,9.2788,-0.036,0.0174,-0.1185,-2.0236569843687953,0.0,4.059319496154785,-1.3435839414596558,-0.0,2.1451797485351562,4.651333494777344,0.0,0.2979554533958435,-1.638240162526266,0.0,-0.009048799984157085,1.1571934223175049,-0.0,0.0034744939766824245,0.7790549993515015,0.0,0.03241347894072533
86.0,110.0,1.9729,-0.4098,9.2788,-0.036,0.0174,-0.1185,-2.023616930047506,0.0,4.05623722076416,-1.3435477018356323,-0.0,2.1487951278686523,4.651353998775146,0.0,0.29637736082077026,-1.6382482687579554,0.0,-0.003453620709478855,1.1571364402770996,-0.0,-0.0018792110495269299,0.7790709733963013,0.0,0.031686101108789444
86.0,110.0,1.9729,-0.4098,9.2788,-0.036,0.0174,-0.1185,-2.02364506343984,0.0,4.066891193389893,-1.3435559272766113,-0.0,2.1797053813934326,4.651329680080078,0.0,0.3087335228919983,-1.6382926146136683,0.0,0.006619919557124376,1.1572260856628418,-0.0,-0.013704339042305946,0.7791032791137695,0.0,-0.011534987948834896
86.0,110.0,1.9729,-0.4098,9.2788,-0.036,0.0174,-0.1185,-2.02364506343984,0.0,4.039069652557373,-1.3435518741607666,-0.0,2.172009229660034,4.6513096529194335,0.0,0.2795521318912506,-1.6382764021502894,0.0,-0.0021477052941918373,1.1571974754333496,-0.0,-0.004712162539362907,0.7790950536727905,0.0,0.026812098920345306
86.0,110.0,1.9729,-0.4098,9.2788,-0.036,0.0174,-0.1185,-2.023605009118551,0.0,4.091144561767578,-1.3435879945755005,-0.0,2.178682804107666,4.651277704829834,0.0,0.28667891025543213,-1.6382926146136683,0.0,-0.0022681578993797302,1.1571691036224365,-0.0,-0.017683010548353195,0.7790831327438354,0.0,-0.03958332538604736
86.0,110.0,1.9729,-0.4098,9.2788,-0.036,0.0174,-0.1185,-2.023649354974264,0.0,4.041078090667725,-1.3435317277908325,-0.0,2.161243438720703,4.651329680080078,0.0,0.2950822412967682,-1.6382845083819788,0.0,0.005709387362003326,1.1572414636611938,-0.0,-0.014262552373111248,0.7790749669075012,0.0,-0.03472061827778816
86.0,110.0,1.9729,-0.4098,9.2788,-0.036,0.0174,-0.1185,-2.0236407719054164,0.0,4.038082599639893,-1.3435477018356323,-0.0,2.1251134872436523,4.6512695985981445,0.0,0.2950381636619568,-1.6382682959186,0.0,0.006906216032803059,1.1571567058563232,-0.0,-0.0199684239923954,0.779066801071167,0.0,-0.011657584458589554
86.0,110.0,1.9729,-0.4098,9.2788,-0.036,0.0174,-0.1185,-2.0236526928343714,0.0,4.052092552185059,-1.343640685081482,-0.0,2.180410385131836,4.6513096529194335,0.0,0.2981419563293457,-1.6382764021502894,0.0,-0.0016173364128917456,1.157221794128418,-0.0,0.00024399650283157825,0.7790508270263672,0.0,0.017688434571027756
86.0,110.0,1.9729,-0.4098,9.2788,-0.036,0.0174,-0.1185,-2.0236650906004847,0.0,4.048632621765137,-1.3435518741607666,-0.0,2.1232101917266846,4.65130536138501,0.0,0.28407907485961914,-1.6382764021502894,0.0,-0.0009465126786381006,1.1572136878967285,-0.0,-0.006200598552823067,0.7791234850883484,0.0,0.002013010671362281
86.0,114.0,1.9537,-0.4534,9.2686,-0.0299,0.0211,-0.1217,-2.023649354974264,0.0,4.044824600219727,-1.343548059463501,-0.0,2.134514331817627,4.651329680080078,0.0,0.2993222177028656,-1.6382525602923792,0.0,-0.009832271374762058,1.1571325063705444,-0.0,-0.009429357014596462,0.7790913581848145,0.0,-0.0011844728142023087
86.0,114.0,1.9537,-0.4534,9.2686,-0.0299,0.0211,-0.1217,-2.023649354974264,0.0,4.012282371520996,-1.3435359001159668,-0.0,2.160024404525757,4.6513258653828125,0.0,0.30379000306129456,-1.6382721106158655,0.0,-0.0003421363653615117,1.1571686267852783,-0.0,0.0003014989197254181,0.7790749669075012,0.0,-0.01347692497074604
86.0,114.0,1.9537,-0.4534,9.2686,-0.0299,0.0211,-0.1217,-2.02364506343984,0.0,4.055592060089111,-1.3435719013214111,-0.0,2.138953924179077,4.6512695985981445,0.0,0.2922918498516083,-1.6382806936847132,0.0,-0.007625512778759003,1.1571531295776367,-0.0,-0.0161313284188509,0.7790668606758118,0.0,0.0073342411778867245
86.0,114.0,1.9537,-0.4534,9.2686,-0.0299,0.0211,-0.1217,-2.023649354974264,0.0,4.02497673034668,-1.3435595035552979,-0.0,2.122100353240967,4.651317282313965,0.0,0.2918091118335724,-1.6382964293109339,0.0,0.0027155023999512196,1.157160758972168,-0.0,-0.004921365063637495,0.7790991067886353,0.0,0.006818652153015137
86.0,114.0,1.9537,-0.4534,9.2686,-0.0299,0.0211,-0.1217,-2.0236531696715296,0.0,4.03175163269043,-1.343559980392456,-0.0,2.1292171478271484,4.651329680080078,0.0,0.2890002727508545,-1.6382563749896448,0.0,0.008726347237825394,1.15720534324646,-0.0,-0.020789148285984993,0.7790266275405884,0.0,-0.017661651596426964
86.0,114.0,1.9537,-0.4534,9.2686,-0.0299,0.0211,-0.1217,-2.0236250362791957,0.0,4.004664421081543,-1.3435839414596558,-0.0,2.145136594772339,4.651333494777344,0.0,0.2981034517288208,-1.6382601896869105,0.0,-0.0027755002956837416,1.1571650505065918,-0.0,-0.008933745324611664,0.7790631651878357,0.0,-0.024639565497636795
86.0,114.0,1.9537,-0.4534,9.2686,-0.0299,0.0211,-0.1217,-2.023620744744772,0.0,4.042993545532227,-1.34359610080719,-0.0,2.130922794342041,4.651353998775146,0.0,0.29642587900161743,-1.6382601896869105,0.0,-0.0032272664830088615,1.157149076461792,-0.0,-0.0060278307646512985,0.7790790796279907,0.0,0.017345307394862175
86.0,114.0,1.9537,-0.4534,9.2686,-0.0299,0.0211,-0.1217,-2.0236369572081507,0.0,4.034491062164307,-1.343519926071167,-0.0,2.142610788345337,4.6513377863117675,0.0,0.298777312040329,-1.6382883230792444,0.0,-0.004955284297466278,1.1571731567382812,-0.0,-0.026004070416092873,0.7790347337722778,0.0,-0.04562022164463997
86.0,114.0,1.9537,-0.4534,9.2686,-0.0299,0.0211,-0.1217,-2.023661275903219,0.0,4.030943870544434,-1.3436005115509033,-0.0,2.1462275981903076,4.651373549098633,0.0,0.2891586422920227,-1.638268772755758,0.0,0.010670975781977177,1.1572136878967285,-0.0,-0.003968509379774332,0.7790831327438354,0.0,-0.010075504891574383
86.0,114.0,1.9537,-0.4534,9.2686,-0.0299,0.0211,-0.1217,-2.0236526928343714,0.0,4.025331497192383,-1.3435477018356323,-0.0,2.135646104812622,4.651317282313965,0.0,0.2948729395866394,-1.6383045355426233,0.0,0.004828224889934063,1.1572695970535278,-0.0,-0.015483671799302101,0.7790950536727905,0.0,0.0025033126585185528
86.0,114.0,1.9537,-0.4534,9.2686,-0.0299,0.0211,-0.1217,-2.0236813030638636,0.0,4.044978141784668,-1.343559980392456,-0.0,2.184690475463867,4.65130536138501,0.0,0.28978800773620605,-1.6383126417743128,0.0,0.0021633347496390343,1.1572058200836182,-0.0,-0.011701246723532677,0.7790590524673462,0.0,-0.013448473066091537
86.0,114.0,1.9537,-0.4534,9.2686,-0.0299,0.0211,-0.1217,-2.0236011944212855,0.0,4.0418877601623535,-1.3435518741607666,-0.0,2.1413283348083496,4.65135829030957,0.0,0.3056566119194031,-1.6382482687579554,0.0,-0.0024145804345607758,1.157177448272705,-0.0,-0.027694182470440865,0.779111385345459,0.0,0.0295190941542387
86.0,114.0,1.9537,-0.4534,9.2686,-0.0299,0.0211,-0.1217,-2.02364506343984,0.0,4.070748805999756,-1.3435839414596558,-0.0,2.174492359161377,4.65132920324292,0.0,0.2936912178993225,-1.6382964293109339,0.0,0.010411515831947327,1.15720534324646,-0.0,-0.011985765770077705,0.779087245464325,0.0,-0.008036763407289982
86.0,114.0,1.9537,-0.4534,9.2686,-0.0299,0.0211,-0.1217,-2.023616930047506,0.0,4.088901996612549,-1.3435518741607666,-0.0,2.200826644897461,4.65130536138501,0.0,0.29081493616104126,-1.6382964293109339,0.0,-0.0027296775951981544,1.1572136878967285,-0.0,-0.0171361081302166,0.7790709733963013,0.0,0.011181213892996311
86.0,111.0,2.0955,-0.3852,9.0443,-0.0336,0.0224,-0.1264,-2.02364506343984,0.0,4.037456035614014,-1.3435357809066772,-0.0,2.162747383117676,4.651285334224365,0.0,0.2997404634952545,-1.6383007208453577,0.0,0.002419843804091215,1.1571977138519287,-0.0,-0.015071399509906769,0.7790709733963013,0.0,0.01302123349159956
86.0,111.0,2.0955,-0.3852,9.0443,-0.0336,0.0224,-0.1264,-2.023633142510885,0.0,4.025573253631592,-1.3436126708984375,-0.0,2.129148244857788,4.651333494777344,0.0,0.3033149838447571,-1.638252083455221,0.0,0.006684355437755585,1.1571977138519287,-0.0,0.0016242936253547668,0.7790991067886353,0.0,-0.012614372186362743
86.0,111.0,2.0955,-0.3852,9.0443,-0.0336,0.0224,-0.1264,-2.0236569843687953,0.0,4.0424675941467285,-1.3435879945755005,-0.0,2.1209335327148438,4.651321573848389,0.0,0.2842104136943817,-1.6382482687579554,0.0,-0.004332293290644884,1.157160758972168,-0.0,-0.022824298590421677,0.7790912985801697,0.0,-0.02432963438332081
86.0,111.0,2.0955,-0.3852,9.0443,-0.0336,0.0224,-0.1264,-2.0236369572081507,0.0,4.073081970214844,-1.343523383140564,-0.0,2.1720361709594727,4.651345892543457,0.0,0.29638272523880005,-1.6382926146136683,0.0,0.0076410225592553616,1.1571850776672363,-0.0,-0.014419986866414547,0.779062807559967,0.0,-0.011341364122927189
86.0,111.0,2.0955,-0.3852,9.0443,-0.0336,0.0224,-0.1264,-2.0236369572081507,0.0,4.059345722198486,-1.3435636758804321,-0.0,2.142418384552002,4.6513377863117675,0.0,0.2925487458705902,-1.6382806936847132,0.0,0.00033672875724732876,1.1571567058563232,-0.0,-0.008270925842225552,0.7790831327438354,0.0,-0.008218184113502502
86.0,111.0,2.0955,-0.3852,9.0443,-0.0336,0.0224,-0.1264,-2.02364506343984,0.0,4.039005756378174,-1.3435678482055664,-0.0,2.147761583328247,4.65130536138501,0.0,0.2895148694515228,-1.638268772755758,0.0,0.009866388514637947,1.1571767330169678,-0.0,-0.003687470918521285,0.7790668606758118,0.0,0.01881399378180504
86.0,111.0,2.0955,-0.3852,9.0443,-0.0336,0.0224,-0.1264,-2.0236531696715296,0.0,4.07634162902832,-1.3436164855957031,-0.0,2.214874029159546,4.651317282313965,0.0,0.29713356494903564,-1.6383045355426233,0.0,-0.0015275953337550163,1.157148838043213,-0.0,-0.0128219835460186,0.7790668606758118,0.0,-0.017321787774562836
86.0,111.0,2.0955,-0.3852,9.0443,-0.0336,0.0224,-0.1264,-2.0236851177611292,0.0,4.0132927894592285,-1.3435839414596558,-0.0,2.1428050994873047,4.651333494777344,0.0,0.3062314987182617,-1.6383007208453577,0.0,0.0032922052778303623,1.1571767330169678,-0.0,-0.022858211770653725,0.7790912985801697,0.0,0.0014229342341423035
86.0,111.0,2.0955,-0.3852,9.0443,-0.0336,0.0224,-0.1264,-2.023661275903219,0.0,4.055484771728516,-1.343543529510498,-0.0,2.167121410369873,4.651333494777344,0.0,0.2943611145019531,-1.638308350239889,0.0,0.001705886796116829,1.157149076461792,-0.0,0.0014913303311914206,0.7790950536727905,0.0,-0.04413261637091637
86.0,111.0,2.0955,-0.3852,9.0443,-0.0336,0.0224,-0.1264,-2.023661275903219,0.0,4.040194988250732,-1.3435797691345215,-0.0,2.1630351543426514,4.65130536138501,0.0,0.28936004638671875,-1.6383245627032679,0.0,0.006213525775820017,1.1571731567382812,-0.0,-0.011662346310913563,0.7790950536727905,0.0,-0.03620145097374916
86.0,111.0,2.0955,-0.3852,9.0443,-0.0336,0.0224,-0.1264,-2.0236531696715296,0.0,4.089408874511719,-1.343543529510498,-0.0,2.138805389404297,4.6513096529194335,0.0,0.29142871499061584,-1.6382964293109339,0.0,0.003903583623468876,1.157172679901123,-0.0,-0.003927571699023247,0.779062807559967,0.0,0.017006952315568924
86.0,111.0,2.0955,-0.3852,9.0443,-0.0336,0.0224,-0.1264,-2.02367701152944,0.0,4.089224815368652,-1.3435636758804321,-0.0,2.149158000946045,4.651313944453857,0.0,0.2961592376232147,-1.6382926146136683,0.0,0.002117973053827882,1.157221794128418,-0.0,-0.0058834608644247055,0.7790468335151672,0.0,-0.02498018741607666
86.0,111.0,2.0955,-0.3852,9.0443,-0.0336,0.0224,-0.1264,-2.02364506343984,0.0,4.045047760009766,-1.3435115814208984,-0.0,2.143281936645508,4.651321573848389,0.0,0.3020925223827362,-1.6383050123797815,0.0,-0.0009264717809855938,1.1571449041366577,-0.0,-0.011849229224026203,0.7790790796279907,0.0,0.029039859771728516
86.0,111.0,2.0955,-0.3852,9.0443,-0.0336,0.0224,-0.1264,-2.023588796655172,0.0,4.074835777282715,-1.3435801267623901,-0.0,2.1820788383483887,4.651277227992676,0.0,0.2956763505935669,-1.638252083455221,0.0,0.0059415847063064575,1.157189130783081,-0.0,-0.00041452981531620026,0.7790991067886353,0.0,0.026674184948205948
86.0,111.0,2.0955,-0.3852,9.0443,-0.0336,0.0224,-0.1264,-2.023593088189596,0.0,4.041622638702393,-1.3435719013214111,-0.0,2.1495611667633057,4.651369734401367,0.0,0.297395795583725,-1.6382964293109339,0.0,-0.013821212574839592,1.1572099924087524,-0.0,-0.024334056302905083,0.7790467739105225,0.0,0.025873610749840736
87.0,111.0,2.0207,-0.4319,9.1244,-0.0371,0.0267,-0.113,-2.0236569843687953,0.0,4.04792594909668,-1.3435636758804321,-0.0,2.1691231727600098,4.65135829030957,0.0,0.30113542079925537,-1.6382883230792444,0.0,-0.009307809174060822,1.1571245193481445,-0.0,-0.00761045329272747,0.7790827751159668,0.0,0.017601560801267624
87.0,111.0,2.0207,-0.4319,9.1244,-0.0371,0.0267,-0.113,-2.0236007175841273,0.0,4.047940731048584,-1.3435839414596558,-0.0,2.140397071838379,4.651362105006836,0.0,0.2904461622238159,-1.6382845083819788,0.0,0.0006665538530796766,1.1571614742279053,-0.0,-0.0022632775362581015,0.7790508270263672,0.0,0.030217764899134636
87.0,111.0,2.0207,-0.4319,9.1244,-0.0371,0.0267,-0.113,-2.023689409295553,0.0,4.029529094696045,-1.3435394763946533,-0.0,2.1831881999969482,4.6513096529194335,0.0,0.2972627580165863,-1.6382926146136683,0.0,-0.00489657511934638,1.157177448272705,-0.0,-0.009007224813103676,0.7790467739105225,0.0,-0.020514076575636864
87.0,111.0,2.0207,-0.4319,9.1244,-0.0371,0.0267,-0.113,-2.023661275903219,0.0,4.044236660003662,-1.343559980392456,-0.0,2.1337718963623047,4.6513096529194335,0.0,0.29575133323669434,-1.6382926146136683,0.0,0.02208303101360798,1.1571977138519287,-0.0,-0.005122242961078882,0.7791434526443481,0.0,-0.007412467151880264
87.0,111.0,2.0207,-0.4319,9.1244,-0.0371,0.0267,-0.113,-2.0236088238158167,0.0,4.062997817993164,-1.3435879945755005,-0.0,2.1605026721954346,4.651301546687744,0.0,0.30293941497802734,-1.6382721106158655,0.0,-0.015215151011943817,1.1571810245513916,-0.0,-0.021712135523557663,0.779075026512146,0.0,-0.03122529946267605
87.0,111.0,2.0207,-0.4319,9.1244,-0.0371,0.0267,-0.113,-2.0236007175841273,0.0,4.013621807098389,-1.3435559272766113,-0.0,2.1514618396759033,4.6513377863117675,0.0,0.29203033447265625,-1.6382644812213343,0.0,0.011185821145772934,1.1571768522262573,-0.0,0.0035893351305276155,0.779038667678833,0.0,-0.014764898456633091
87.0,111.0,2.0207,-0.4319,9.1244,-0.0371,0.0267,-0.113,-2.023649354974264,2.835164707448712e-07,3.9898900985717773,-1.3435839414596558,-0.0,2.154113292694092,4.651333494777344,0.0,0.30123621225357056,-1.6382444540606897,0.0,0.008563301526010036,1.1571199893951416,-0.0,-0.005089907441288233,0.7790508270263672,0.0,0.028269972652196884
87.0,111.0,2.0207,-0.4319,9.1244,-0.0371,0.0267,-0.113,-2.0236288509764613,6.846589267750502e-13,4.021401882171631,-1.3435678482055664,-0.0,2.167043685913086,4.651325388545654,0.0,0.2892497479915619,-1.638280216847555,0.0,-0.009981071576476097,1.1571934223175049,-0.0,-0.006503966636955738,0.7790831327438354,0.0,-0.005719125270843506
87.0,111.0,2.0207,-0.4319,9.1244,-0.0371,0.0267,-0.113,-2.023633142510885,1.6533708831176762e-18,4.054668426513672,-1.3435357809066772,-0.0,2.145219326019287,4.6513258653828125,0.0,0.2891857624053955,-1.638308350239889,0.0,0.006282837130129337,1.1571650505065918,-0.0,0.001080491580069065,0.7790913581848145,0.0,-0.04232808202505112
87.0,111.0,2.0207,-0.4319,9.1244,-0.0371,0.0267,-0.113,-2.02364506343984,3.992696409474937e-24,4.0279951095581055,-1.3435678482055664,-0.0,2.167715072631836,4.651293440456055,0.0,0.293393075466156,-1.6382725874530237,0.0,-0.007673284038901329,1.1571691036224365,-0.0,-0.013156723231077194,0.7790831327438354,0.0,-0.011423591524362564
87.0,111.0,2.0207,-0.4319,9.1244,-0.0371,0.0267,-0.113,-2.0236574612059535,9.64189141414519e-30,4.039351463317871,-1.3435559272766113,-0.0,2.171848773956299,4.6513377863117675,0.0,0.29603296518325806,-1.6382926146136683,0.0,-0.006950027775019407,1.1571934223175049,-0.0,0.0017910199239850044,0.7790873050689697,0.0,0.006370393559336662
87.0,111.0,2.0207,-0.4319,9.1244,-0.0371,0.0267,-0.113,-2.0236526928343714,2.3284031962941445e-35,4.03104305267334,-1.3435759544372559,-0.0,2.124793529510498,4.651341601009033,0.0,0.29581695795059204,-1.6382601896869105,0.0,0.0004380759783089161,1.1571850776672363,-0.0,0.002448687795549631,0.7790709733963013,0.0,-0.02377927675843239
87.0,111.0,2.0207,-0.4319,9.1244,-0.0371,0.0267,-0.113,-2.023649354974264,7.538985738067516e-43,4.07697868347168,-1.3435280323028564,-0.0,2.147099494934082,4.651353998775146,0.0,0.2957485318183899,-1.6382964293109339,0.0,-0.0015525828348472714,1.157148838043213,-0.0,-0.007342173717916012,0.7790104150772095,0.0,0.00435133371502161
87.0,111.0,2.0207,-0.4319,9.1244,-0.0371,0.0267,-0.113,-2.023649354974264,0.0,4.0314459800720215,-1.3436005115509033,-0.0,2.180919647216797,4.65132920324292,0.0,0.300761342048645,-1.6383407751666468,0.0,-0.002789699239656329,1.1571850776672363,-0.0,-0.0013433968415483832,0.7790873050689697,0.0,-0.02824501320719719
87.0,111.0,2.0207,-0.4319,9.1244,-0.0371,0.0267,-0.113,-2.0236531696715296,0.0,4.064419269561768,-1.343519926071167,-0.0,2.165884017944336,4.65135829030957,0.0,0.2974439561367035,-1.6382644812213343,0.0,-0.000485414348077029,1.1571526527404785,-0.0,0.0015802036505192518,0.7790791392326355,0.0,-0.006356857717037201
85.0,115.0,1.9406,-0.4373,9.3763,-0.0347,0.027,-0.1216,-2.0236250362791957,0.0,4.023869514465332,-1.3434951305389404,-0.0,2.1241989135742188,4.651333494777344,0.0,0.3069247007369995,-1.6383050123797815,0.0,-0.004890599753707647,1.1572213172912598,-0.0,-0.021253421902656555,0.7790991067886353,0.0,0.01534944586455822
85.0,115.0,1.9406,-0.4373,9.3763,-0.0347,0.027,-0.1216,-2.0236088238158167,0.0,4.030967712402344,-1.3435477018356323,-0.0,2.192021369934082,4.651313944453857,0.0,0.30198973417282104,-1.6382563749896448,0.0,0.005545713938772678,1.1571815013885498,-0.0,0.0004935564938932657,0.779066801071167,0.0,0.03321452438831329
85.0,115.0,1.9406,-0.4373,9.3763,-0.0347,0.027,-0.1216,-2.0236369572081507,0.0,4.044826030731201,-1.3435156345367432,-0.0,2.1522834300994873,4.65135829030957,0.0,0.2931816279888153,-1.638268772755758,0.0,-0.007176788989454508,1.1571810245513916,-0.0,-0.01517350971698761,0.7790873050689697,0.0,0.01778816059231758
85.0,115.0,1.9406,-0.4373,9.3763,-0.0347,0.027,-0.1216,-2.0236813030638636,0.0,4.034653186798096,-1.3435518741607666,-0.0,2.183166980743408,4.651341601009033,0.0,0.2933737337589264,-1.6382601896869105,0.0,0.00264102965593338,1.1571767330169678,-0.0,-0.007601712830364704,0.7790749669075012,0.0,-0.022326113656163216
85.0,115.0,1.9406,-0.4373,9.3763,-0.0347,0.027,-0.1216,-2.0236407719054164,0.0,4.0479278564453125,-1.3436287641525269,-0.0,2.1746597290039062,4.651305838222168,0.0,0.29860326647758484,-1.638240162526266,0.0,0.016694851219654083,1.157189130783081,-0.0,0.0028381100855767727,0.7790508270263672,0.0,-0.026149932295084
85.0,115.0,1.9406,-0.4373,9.3763,-0.0347,0.027,-0.1216,-2.023633142510885,0.0,4.013444900512695,-1.3435755968093872,-0.0,2.1070027351379395,4.651321573848389,0.0,0.2977573275566101,-1.6382764021502894,0.0,-0.0043861763551831245,1.1571449041366577,-0.0,-0.00899903941899538,0.7791276574134827,0.0,0.010151656344532967
85.0,115.0,1.9406,-0.4373,9.3763,-0.0347,0.027,-0.1216,-2.023661275903219,0.0,4.0608601570129395,-1.3435518741607666,-0.0,2.1264889240264893,4.651353998775146,0.0,0.30106329917907715,-1.6383207480060022,0.0,-0.005175047554075718,1.1571526527404785,-0.0,-0.003472818061709404,0.7790873050689697,0.0,-0.023508800193667412
85.0,115.0,1.9406,-0.4373,9.3763,-0.0347,0.027,-0.1216,-2.023637434045309,0.0,4.03120231628418,-1.3435920476913452,-0.0,2.1167891025543213,4.651301546687744,0.0,0.29084327816963196,-1.6382196585284632,0.0,-0.0009419390116818249,1.1571767330169678,-0.0,-0.021911393851041794,0.7790627479553223,0.0,-0.008194729685783386
85.0,115.0,1.9406,-0.4373,9.3763,-0.0347,0.027,-0.1216,-2.023689409295553,0.0,4.0221147537231445,-1.3435518741607666,-0.0,2.178065061569214,4.651321573848389,0.0,0.2979962229728699,-1.6382764021502894,0.0,0.0035844824742525816,1.1571893692016602,-0.0,0.0005675494903698564,0.7790913581848145,0.0,-0.005992041900753975
85.0,115.0,1.9406,-0.4373,9.3763,-0.0347,0.027,-0.1216,-2.023689409295553,0.0,4.063860893249512,-1.343604564666748,-0.0,2.133254289627075,4.65130536138501,0.0,0.2977428436279297,-1.6382721106158655,0.0,-0.0040728128515183926,1.1571850776672363,-0.0,-0.017434723675251007,0.779139518737793,0.0,-0.0019625737331807613
85.0,115.0,1.9406,-0.4373,9.3763,-0.0347,0.027,-0.1216,-2.0237018070616664,0.0,4.065821647644043,-1.3436086177825928,-0.0,2.116097927093506,4.651329680080078,0.0,0.30099886655807495,-1.6382764021502894,0.0,0.00015612016431987286,1.1572136878967285,-0.0,-0.001395398867316544,0.7790831327438354,0.0,-0.009541037492454052
85.0,115.0,1.9406,-0.4373,9.3763,-0.0347,0.027,-0.1216,-2.023625513116354,0.0,4.044948577880859,-1.3436003923416138,-0.0,2.1978492736816406,4.651313467616699,0.0,0.2948697507381439,-1.6382926146136683,0.0,0.0019224181305617094,1.1572177410125732,-0.0,-0.011439225636422634,0.7790627479553223,0.0,-0.014473440125584602
85.0,115.0,1.9406,-0.4373,9.3763,-0.0347,0.027,-0.1216,-2.0236851177611292,0.0,4.055841445922852,-1.3435198068618774,-0.0,2.1397063732147217,4.651369734401367,0.0,0.28684598207473755,-1.6382840315448206,0.0,-2.7361675165593624e-06,1.1571650505065918,-0.0,-0.02219427563250065,0.779107391834259,0.0,-0.008327162824571133
85.0,115.0,1.9406,-0.4373,9.3763,-0.0347,0.027,-0.1216,-2.023620744744772,0.0,4.062504768371582,-1.3435317277908325,-0.0,2.181880474090576,4.6513096529194335,0.0,0.2948411703109741,-1.638223950062887,0.0,0.003473775926977396,1.157177448272705,-0.0,-0.01417766883969307,0.7790790796279907,0.0,0.005153588950634003
88.0,111.0,1.995,-0.4283,9.1926,-0.0359,0.0296,-0.1185,-2.0236574612059535,0.0,4.077138900756836,-1.343543529510498,-0.0,2.151949405670166,4.651293440456055,0.0,0.293385773897171,-1.6382926146136683,0.0,0.0017778726760298014,1.1571768522262573,-0.0,-0.009524095803499222,0.7790790796279907,0.0,0.03537273034453392
88.0,111.0,1.995,-0.4283,9.1926,-0.0359,0.0296,-0.1185,-2.0236288509764613,0.0,4.036287307739258,-1.3435719013214111,-0.0,2.181422710418701,4.651313944453857,0.0,0.2963850498199463,-1.6382601896869105,0.0,-0.0029861540533602238,1.1571768522262573,-0.0,-0.0017921492690220475,0.7790346741676331,0.0,-0.016683408990502357
88.0,111.0,1.995,-0.4283,9.1926,-0.0359,0.0296,-0.1185,-2.0236851177611292,0.0,4.019073963165283,-1.3435399532318115,-0.0,2.186640739440918,4.651345892543457,0.0,0.2926362454891205,-1.6382277647601526,0.0,0.0003335425863042474,1.1571893692016602,-0.0,-0.006555310450494289,0.7790305614471436,0.0,-0.024873672053217888
88.0,111.0,1.995,-0.4283,9.1926,-0.0359,0.0296,-0.1185,-2.0236250362791957,0.0,4.033951759338379,-1.3435801267623901,-0.0,2.11159610748291,4.651341601009033,0.0,0.29859796166419983,-1.6383402983294886,0.0,-4.2804982513189316e-05,1.1571364402770996,-0.0,-0.011398564092814922,0.7790346741676331,0.0,-0.022772282361984253
88.0,111.0,1.995,-0.4283,9.1926,-0.0359,0.0296,-0.1185,-2.0236569843687953,0.0,4.051149845123291,-1.343523383140564,-0.0,2.1472864151000977,4.6513258653828125,0.0,0.2907108664512634,-1.6382482687579554,0.0,-0.013286986388266087,1.1571531295776367,-0.0,-0.010761970654129982,0.7790709733963013,0.0,-0.042584702372550964
88.0,111.0,1.995,-0.4283,9.1926,-0.0359,0.0296,-0.1185,-2.0236650906004847,0.0,3.9907755851745605,-1.3435239791870117,-0.0,2.1640429496765137,4.65132920324292,0.0,0.29714512825012207,-1.638308350239889,0.0,-0.0039977277629077435,1.1571850776672363,-0.0,-0.015366971492767334,0.7790790796279907,0.0,0.006678737234324217
88.0,111.0,1.995,-0.4283,9.1926,-0.0359,0.0296,-0.1185,-2.0236574612059535,0.0,4.027500629425049,-1.3435839414596558,-0.0,2.175098180770874,4.6513096529194335,0.0,0.30246904492378235,-1.6382764021502894,0.0,-0.00862045492976904,1.15720534324646,-0.0,-0.023859910666942596,0.7790508270263672,0.0,-0.0017210214864462614
88.0,111.0,1.995,-0.4283,9.1926,-0.0359,0.0296,-0.1185,-2.0236250362791957,0.0,4.053868293762207,-1.3435359001159668,-0.0,2.1607441902160645,4.6513258653828125,0.0,0.3153740167617798,-1.6382806936847132,0.0,-0.004165264777839184,1.1572017669677734,-0.0,-0.003593125846236944,0.7790950536727905,0.0,-0.028926189988851547
88.0,111.0,1.995,-0.4283,9.1926,-0.0359,0.0296,-0.1185,-2.023633142510885,0.0,4.035915851593018,-1.3435518741607666,-0.0,2.1685352325439453,4.6513096529194335,0.0,0.2908465564250946,-1.6382926146136683,0.0,-0.00567132281139493,1.1571812629699707,-0.0,-0.0013304168824106455,0.7790950536727905,0.0,-0.053297244012355804
88.0,111.0,1.995,-0.4283,9.1926,-0.0359,0.0296,-0.1185,-2.0236813030638636,0.0,4.029552459716797,-1.343596339225769,-0.0,2.1629998683929443,4.651349707240723,0.0,0.29037415981292725,-1.6382601896869105,0.0,0.0067259641364216805,1.1571975946426392,-0.0,0.0017691456014290452,0.7790913581848145,0.0,0.015390047803521156
88.0,111.0,1.995,-0.4283,9.1926,-0.0359,0.0296,-0.1185,-2.0236650906004847,0.0,4.051098346710205,-1.3436123132705688,-0.0,2.1089839935302734,4.6513258653828125,0.0,0.2906095087528229,-1.6382926146136683,0.0,0.005831337068229914,1.1572177410125732,-0.0,-8.265022188425064e-06,0.7790912985801697,0.0,-0.05663681402802467
88.0,111.0,1.995,-0.4283,9.1926,-0.0359,0.0296,-0.1185,-2.0236288509764613,0.0,4.065988063812256,-1.3435399532318115,-0.0,2.1834309101104736,4.65130536138501,0.0,0.2878333628177643,-1.6382845083819788,0.0,0.0005779145285487175,1.1571650505065918,-0.0,-0.00880805030465126,0.7790873050689697,0.0,-0.003635423257946968
88.0,111.0,1.995,-0.4283,9.1926,-0.0359,0.0296,-0.1185,-2.0236975155272425,0.0,4.0149970054626465,-1.3435477018356323,-0.0,2.1141090393066406,4.651341601009033,0.0,0.3039640486240387,-1.6382926146136683,0.0,-0.0018056039698421955,1.1572058200836182,-0.0,-0.01150395069271326,0.7790790796279907,0.0,0.01771620102226734
88.0,111.0,1.995,-0.4283,9.1926,-0.0359,0.0296,-0.1185,-2.023633142510885,0.0,4.022873401641846,-1.343519926071167,-0.0,2.1682307720184326,4.651362105006836,0.0,0.29363057017326355,-1.6382964293109339,0.0,0.004969358444213867,1.1571241617202759,-0.0,-0.007219190243631601,0.7790868878364563,0.0,-0.011170919053256512
88.0,111.0,1.995,-0.4283,9.1926,-0.0359,0.0296,-0.1185,-2.0236412487425746,0.0,4.024847030639648,-1.3436044454574585,-0.0,2.1889567375183105,4.651265307063721,0.0,0.3016022741794586,-1.6382721106158655,0.0,0.00954610574990511,1.1571810245513916,-0.0,0.004159174859523773,0.7790467739105225,0.0,-0.00692462082952261
84.0,114.0,1.9902,-0.4265,9.149,-0.0316,0.0266,-0.1555,-2.0237018070616664,0.0,4.032706260681152,-1.3435518741607666,-0.0,2.133167266845703,4.6513258653828125,0.0,0.3025400638580322,-1.6383045355426233,0.0,0.001357933273538947,1.1571406126022339,-0.0,-0.014276796020567417,0.779075026512146,0.0,-0.009192097932100296
84.0,114.0,1.9902,-0.4265,9.149,-0.0316,0.0266,-0.1555,-2.023605009118551,0.0,4.051671981811523,-1.3436005115509033,-0.0,2.1653506755828857,4.651341601009033,0.0,0.3013431429862976,-1.6382887999164026,0.0,0.0024437904357910156,1.1571934223175049,-0.0,-0.012265142984688282,0.7790467143058777,0.0,0.029546279460191727
84.0,114.0,1.9902,-0.4265,9.149,-0.0316,0.0266,-0.1555,-2.023605009118551,0.0,4.0200395584106445,-1.3435755968093872,-0.0,2.1676926612854004,4.651321573848389,0.0,0.30013328790664673,-1.6382926146136683,0.0,0.009433717466890812,1.1571691036224365,-0.0,-0.009728733450174332,0.7791194319725037,0.0,0.01310444064438343
84.0,114.0,1.9902,-0.4265,9.149,-0.0316,0.0266,-0.1555,-2.0236693821349085,0.0,4.0427093505859375,-1.3435723781585693,-0.0,2.205491542816162,4.6513258653828125,0.0,0.2959665358066559,-1.6382644812213343,0.0,-0.0008148448541760445,1.1572177410125732,-0.0,0.0013263046275824308,0.7790667414665222,0.0,-0.018015818670392036
84.0,114.0,1.9902,-0.4265,9.149,-0.0316,0.0266,-0.1555,-2.0236855945982875,0.0,4.067264556884766,-1.3435399532318115,-0.0,2.188418388366699,4.651362105006836,0.0,0.2940234839916229,-1.6382644812213343,0.0,0.0019190683960914612,1.1571447849273682,-0.0,-0.012741981074213982,0.7790345549583435,0.0,-0.04141106456518173
84.0,114.0,1.9902,-0.4265,9.149,-0.0316,0.0266,-0.1555,-2.023661275903219,0.0,4.0389933586120605,-1.3435760736465454,-0.0,2.163227081298828,4.651329680080078,0.0,0.29222744703292847,-1.6382525602923792,0.0,-0.007616451941430569,1.157140851020813,-0.0,0.00574903329834342,0.779042661190033,0.0,0.015315704047679901
84.0,114.0,1.9902,-0.4265,9.149,-0.0316,0.0266,-0.1555,-2.0236250362791957,0.0,4.002952575683594,-1.3435595035552979,-0.0,2.1703054904937744,4.651277704829834,0.0,0.28839728236198425,-1.6382644812213343,0.0,0.00034417229471728206,1.1571850776672363,-0.0,-0.007431124337017536,0.7790627479553223,0.0,-0.0166188795119524
